<?xml version="1.0" encoding="utf-8"?>
<COLLADA xmlns="http://www.collada.org/2005/11/COLLADASchema" version="1.4.1">
  <asset>
    <contributor>
      <author>Mixamo</author>
      <authoring_tool>COLLADA Mixamo exporter</authoring_tool>
      <comments/>
    </contributor>
    <created>2022-05-26T16:05:26Z</created>
    <modified>2022-05-26T16:05:26Z</modified>
    <revision/>
    <title/>
    <unit meter="0.010000"/>
    <up_axis>Y_UP</up_axis>
  </asset>
  <library_animations>
    <animation id="mixamorig_Hips-anim" name="mixamorig_Hips">
      <source id="mixamorig_Hips-Matrix-animation-input">
        <float_array id="mixamorig_Hips-Matrix-animation-input-array" count="25">

0.000000 0.033333 0.066667 0.100000 0.133333 0.166667 0.200000 0.233333 0.266667 0.300000 0.333333 0.366667 0.400000 0.433333 0.466667 0.500000
0.533333 0.566667 0.600000 0.633333 0.666667 0.700000 0.733333 0.766667 0.800000</float_array>
        <technique_common>
          <accessor source="#mixamorig_Hips-Matrix-animation-input-array" count="25">
            <param name="TIME" type="float"/>
          </accessor>
        </technique_common>
      </source>
      <source id="mixamorig_Hips-Matrix-animation-output-transform">
        <float_array id="mixamorig_Hips-Matrix-animation-output-transform-array" count="400">

0.998878 -0.032988 -0.033971 0.167304 0.034549 0.998324 0.046431 85.678123 0.032382 -0.047553 0.998344 1.336639 0.000000 0.000000 0.000000 1.000000
0.995206 -0.058399 -0.078446 -0.117307 0.060484 0.997869 0.024474 86.566833 0.076850 -0.029101 0.996618 11.211333 0.000000 0.000000 0.000000 1.000000
0.990176 -0.080867 -0.114067 -0.057939 0.080725 0.996719 -0.005871 87.690979 0.114168 -0.003394 0.993456 21.276030 0.000000 0.000000 0.000000 1.000000
0.986367 -0.092787 -0.135907 0.281829 0.087607 0.995199 -0.043624 88.970306 0.139303 0.031123 0.989761 31.811527 0.000000 0.000000 0.000000 1.000000
0.985084 -0.094413 -0.143863 0.871133 0.082093 0.992615 -0.089308 90.095642 0.151232 0.076165 0.985560 42.937229 0.000000 0.000000 0.000000 1.000000
0.985200 -0.091199 -0.145130 1.651648 0.074447 0.990343 -0.116950 90.690109 0.154394 0.104415 0.982476 54.608746 0.000000 0.000000 0.000000 1.000000
0.984922 -0.087053 -0.149502 2.475827 0.068742 0.989953 -0.123561 90.504341 0.158757 0.111420 0.981011 66.339294 0.000000 0.000000 0.000000 1.000000
0.983445 -0.084191 -0.160460 3.326685 0.066824 0.991602 -0.110726 89.664360 0.168434 0.098170 0.980812 77.669647 0.000000 0.000000 0.000000 1.000000
0.982264 -0.082505 -0.168376 4.233284 0.068639 0.993877 -0.086582 88.561844 0.174489 0.073489 0.981913 88.149719 0.000000 0.000000 0.000000 1.000000
0.984421 -0.082368 -0.155342 5.245369 0.072951 0.995190 -0.065385 87.421921 0.159980 0.053034 0.985695 98.217468 0.000000 0.000000 0.000000 1.000000
0.990631 -0.083434 -0.108120 6.212822 0.077012 0.995084 -0.062270 86.248322 0.112784 0.053360 0.992186 107.452789 0.000000 0.000000 0.000000 1.000000
0.996366 -0.079931 -0.029417 7.216639 0.078549 0.995872 -0.045479 85.175545 0.032931 0.043003 0.998532 116.647827 0.000000 0.000000 0.000000 1.000000
0.996059 -0.069254 0.055405 7.853842 0.070991 0.997025 -0.030016 84.908890 -0.053162 0.033831 0.998013 125.499969 0.000000 0.000000 0.000000 1.000000
0.991398 -0.053885 0.119278 8.289784 0.055691 0.998378 -0.011863 85.291283 -0.118445 0.018404 0.992790 134.683655 0.000000 0.000000 0.000000 1.000000
0.987839 -0.037975 0.150773 8.394433 0.037993 0.999274 0.002761 86.224968 -0.150769 0.003001 0.988565 144.195663 0.000000 0.000000 0.000000 1.000000
0.988672 -0.023172 0.148292 8.166578 0.021438 0.999682 0.013281 87.558624 -0.148552 -0.009952 0.988854 154.262726 0.000000 0.000000 0.000000 1.000000
0.990210 -0.014721 0.138808 7.700578 0.011389 0.999628 0.024764 88.766212 -0.139121 -0.022941 0.990010 164.923523 0.000000 0.000000 0.000000 1.000000
0.991032 -0.012582 0.133033 6.858757 0.007805 0.999308 0.036369 89.432640 -0.133399 -0.035005 0.990444 176.207626 0.000000 0.000000 0.000000 1.000000
0.991207 -0.011808 0.131795 5.794857 0.006619 0.999188 0.039739 89.305847 -0.132158 -0.038517 0.990480 187.755081 0.000000 0.000000 0.000000 1.000000
0.991786 -0.009400 0.127559 4.557379 0.002737 0.998627 0.052306 88.314720 -0.127875 -0.051528 0.990451 199.126389 0.000000 0.000000 0.000000 1.000000
0.993454 -0.005313 0.114112 3.267577 -0.001760 0.998087 0.061794 87.005821 -0.114222 -0.061591 0.991544 209.738953 0.000000 0.000000 0.000000 1.000000
0.995936 0.000632 0.090063 2.020499 -0.006244 0.998054 0.062041 85.788460 -0.089848 -0.062351 0.994002 219.938049 0.000000 0.000000 0.000000 1.000000
0.998455 0.000855 0.055554 1.158394 -0.004308 0.998063 0.062067 85.231705 -0.055393 -0.062210 0.996525 229.676941 0.000000 0.000000 0.000000 1.000000
0.999864 -0.010200 0.012937 0.497942 0.009410 0.998170 0.059734 85.184937 -0.013522 -0.059604 0.998131 239.349167 0.000000 0.000000 0.000000 1.000000
0.998914 -0.031898 -0.033948 0.169184 0.033479 0.998330 0.047079 85.678459 0.032390 -0.048164 0.998314 248.976059 0.000000 0.000000 0.000000 1.000000</float_array>
        <technique_common>
          <accessor source="#mixamorig_Hips-Matrix-animation-output-transform-array" count="25" stride="16">
            <param type="float4x4"/>
          </accessor>
        </technique_common>
      </source>
      <source id="mixamorig_Hips-Interpolations">
        <Name_array id="mixamorig_Hips-Interpolations-array" count="25">
 LINEAR LINEAR LINEAR LINEAR LINEAR LINEAR LINEAR LINEAR LINEAR LINEAR LINEAR
LINEAR LINEAR LINEAR LINEAR LINEAR LINEAR LINEAR LINEAR LINEAR LINEAR LINEAR LINEAR
LINEAR LINEAR</Name_array>
        <technique_common>
          <accessor source="#mixamorig_Hips-Interpolations-array" count="25">
            <param type="name"/>
          </accessor>
        </technique_common>
      </source>
      <sampler id="mixamorig_Hips-Matrix-animation-transform">
        <input semantic="INPUT" source="#mixamorig_Hips-Matrix-animation-input"/>
        <input semantic="OUTPUT" source="#mixamorig_Hips-Matrix-animation-output-transform"/>
        <input semantic="INTERPOLATION" source="#mixamorig_Hips-Interpolations"/>
      </sampler>
      <channel source="#mixamorig_Hips-Matrix-animation-transform" target="mixamorig_Hips/matrix"/>
    </animation>
    <animation id="mixamorig_Spine-anim" name="mixamorig_Spine">
      <source id="mixamorig_Spine-Matrix-animation-input">
        <float_array id="mixamorig_Spine-Matrix-animation-input-array" count="25">

0.000000 0.033333 0.066667 0.100000 0.133333 0.166667 0.200000 0.233333 0.266667 0.300000 0.333333 0.366667 0.400000 0.433333 0.466667 0.500000
0.533333 0.566667 0.600000 0.633333 0.666667 0.700000 0.733333 0.766667 0.800000</float_array>
        <technique_common>
          <accessor source="#mixamorig_Spine-Matrix-animation-input-array" count="25">
            <param name="TIME" type="float"/>
          </accessor>
        </technique_common>
      </source>
      <source id="mixamorig_Spine-Matrix-animation-output-transform">
        <float_array id="mixamorig_Spine-Matrix-animation-output-transform-array" count="400">

0.988592 -0.146795 0.033710 0.000000 0.133172 0.747368 -0.650927 10.181600 0.070359 0.647990 0.758392 0.131500 0.000000 0.000000 0.000000 1.000000
0.992610 -0.095802 0.074485 0.000000 0.121288 0.763430 -0.634401 10.181600 0.003912 0.638747 0.769407 0.131500 0.000000 0.000000 0.000000 1.000000
0.992856 -0.041993 0.111681 -0.000000 0.101401 0.790258 -0.604325 10.181600 -0.062880 0.611333 0.788871 0.131500 0.000000 0.000000 0.000000 1.000000
0.989371 0.008244 0.145178 0.000000 0.075342 0.824865 -0.560287 10.181600 -0.124371 0.565270 0.815477 0.131500 0.000000 0.000000 0.000000 1.000000
0.982871 0.055001 0.175896 0.000000 0.041384 0.864185 -0.501469 10.181600 -0.179588 0.500159 0.847106 0.131500 0.000000 0.000000 0.000000 1.000000
0.973820 0.105210 0.201508 0.000000 -0.002493 0.891339 -0.453331 10.181600 -0.227307 0.440961 0.868266 0.131500 0.000000 0.000000 0.000000 1.000000
0.962477 0.159586 0.219479 0.000000 -0.052796 0.903466 -0.425396 10.181600 -0.266179 0.397846 0.877990 0.131500 0.000000 0.000000 0.000000 1.000000
0.950099 0.212822 0.228077 -0.000000 -0.099638 0.899872 -0.424621 10.181600 -0.295609 0.380707 0.876172 0.131500 0.000000 0.000000 0.000000 1.000000
0.939916 0.256453 0.225366 0.000000 -0.132700 0.882634 -0.450942 10.181600 -0.314561 0.393942 0.863633 0.131500 0.000000 0.000000 0.000000 1.000000
0.937804 0.280794 0.204151 0.000000 -0.149685 0.857631 -0.492000 10.181600 -0.313237 0.430841 0.846321 0.131500 0.000000 0.000000 0.000000 1.000000
0.947713 0.276096 0.160038 -0.000000 -0.154920 0.836468 -0.525663 10.181600 -0.279000 0.473384 0.835504 0.131500 0.000000 0.000000 0.000000 1.000000
0.967313 0.234118 0.097440 -0.000000 -0.139832 0.812997 -0.565229 10.181600 -0.211549 0.533128 0.819159 0.131500 0.000000 0.000000 0.000000 1.000000
0.986129 0.161990 0.036183 0.000000 -0.109409 0.798314 -0.592220 10.181600 -0.124819 0.580046 0.804964 0.131500 0.000000 0.000000 0.000000 1.000000
0.996469 0.082812 -0.013879 -0.000000 -0.073869 0.785986 -0.613815 10.181600 -0.039923 0.612673 0.789328 0.131500 0.000000 0.000000 0.000000 1.000000
0.998500 0.014426 -0.052817 0.000000 -0.044362 0.778568 -0.625990 10.181600 0.032091 0.627394 0.778041 0.131500 0.000000 0.000000 0.000000 1.000000
0.995628 -0.037560 -0.085518 -0.000000 -0.024053 0.781602 -0.623314 10.181600 0.090253 0.622646 0.777281 0.131500 0.000000 0.000000 0.000000 1.000000
0.989166 -0.086430 -0.118662 -0.000000 -0.003611 0.793742 -0.608244 10.181600 0.146758 0.602083 0.784830 0.131500 0.000000 0.000000 0.000000 1.000000
0.980303 -0.132447 -0.146507 -0.000000 0.021510 0.808992 -0.587426 10.181600 0.196326 0.572704 0.795906 0.131500 0.000000 0.000000 0.000000 1.000000
0.971543 -0.172258 -0.162576 0.000000 0.051426 0.823403 -0.565122 10.181600 0.231212 0.540680 0.808830 0.131500 0.000000 0.000000 0.000000 1.000000
0.965777 -0.202914 -0.161555 0.000000 0.077993 0.821235 -0.565235 10.181600 0.247369 0.533291 0.808956 0.131500 0.000000 0.000000 0.000000 1.000000
0.965072 -0.219218 -0.143456 0.000000 0.097050 0.807759 -0.581470 10.181600 0.243346 0.547238 0.800820 0.131500 0.000000 0.000000 0.000000 1.000000
0.968943 -0.221908 -0.109114 -0.000000 0.112586 0.788747 -0.604321 10.181600 0.220167 0.573268 0.789234 0.131500 0.000000 0.000000 0.000000 1.000000
0.975611 -0.210420 -0.062508 0.000000 0.124773 0.765882 -0.630759 10.181600 0.180598 0.607576 0.773457 0.131500 0.000000 0.000000 0.000000 1.000000
0.982798 -0.184273 -0.012333 0.000000 0.132160 0.748363 -0.649990 10.181600 0.129006 0.637179 0.759843 0.131500 0.000000 0.000000 0.000000 1.000000
0.988588 -0.146817 0.033727 -0.000000 0.133200 0.747364 -0.650926 10.181600 0.070361 0.647990 0.758392 0.131500 0.000000 0.000000 0.000000 1.000000</float_array>
        <technique_common>
          <accessor source="#mixamorig_Spine-Matrix-animation-output-transform-array" count="25" stride="16">
            <param type="float4x4"/>
          </accessor>
        </technique_common>
      </source>
      <source id="mixamorig_Spine-Interpolations">
        <Name_array id="mixamorig_Spine-Interpolations-array" count="25">
 LINEAR LINEAR LINEAR LINEAR LINEAR LINEAR LINEAR LINEAR LINEAR LINEAR LINEAR
LINEAR LINEAR LINEAR LINEAR LINEAR LINEAR LINEAR LINEAR LINEAR LINEAR LINEAR LINEAR
LINEAR LINEAR</Name_array>
        <technique_common>
          <accessor source="#mixamorig_Spine-Interpolations-array" count="25">
            <param type="name"/>
          </accessor>
        </technique_common>
      </source>
      <sampler id="mixamorig_Spine-Matrix-animation-transform">
        <input semantic="INPUT" source="#mixamorig_Spine-Matrix-animation-input"/>
        <input semantic="OUTPUT" source="#mixamorig_Spine-Matrix-animation-output-transform"/>
        <input semantic="INTERPOLATION" source="#mixamorig_Spine-Interpolations"/>
      </sampler>
      <channel source="#mixamorig_Spine-Matrix-animation-transform" target="mixamorig_Spine/matrix"/>
    </animation>
    <animation id="mixamorig_Spine1-anim" name="mixamorig_Spine1">
      <source id="mixamorig_Spine1-Matrix-animation-input">
        <float_array id="mixamorig_Spine1-Matrix-animation-input-array" count="25">

0.000000 0.033333 0.066667 0.100000 0.133333 0.166667 0.200000 0.233333 0.266667 0.300000 0.333333 0.366667 0.400000 0.433333 0.466667 0.500000
0.533333 0.566667 0.600000 0.633333 0.666667 0.700000 0.733333 0.766667 0.800000</float_array>
        <technique_common>
          <accessor source="#mixamorig_Spine1-Matrix-animation-input-array" count="25">
            <param name="TIME" type="float"/>
          </accessor>
        </technique_common>
      </source>
      <source id="mixamorig_Spine1-Matrix-animation-output-transform">
        <float_array id="mixamorig_Spine1-Matrix-animation-output-transform-array" count="400">

0.999098 -0.037454 -0.020009 0.000000 0.034594 0.991179 -0.127936 10.083500 0.024624 0.127129 0.991581 -1.000800 0.000000 0.000000 0.000000 1.000000
0.999644 -0.026048 -0.005750 0.000000 0.025197 0.992819 -0.116941 10.083500 0.008755 0.116754 0.993122 -1.000800 0.000000 0.000000 0.000000 1.000000
0.999900 -0.011867 0.007701 0.000000 0.012615 0.994321 -0.105673 10.083500 -0.006404 0.105760 0.994371 -1.000800 0.000000 0.000000 0.000000 1.000000
0.999786 0.003902 0.020328 0.000000 -0.001957 0.995491 -0.094837 10.083500 -0.020606 0.094777 0.995285 -1.000800 0.000000 0.000000 0.000000 1.000000
0.999298 0.018802 0.032402 0.000000 -0.015954 0.996166 -0.086012 10.083500 -0.033895 0.085435 0.995767 -1.000800 0.000000 0.000000 0.000000 1.000000
0.998577 0.030892 0.043467 0.000000 -0.027231 0.996225 -0.082427 10.083500 -0.045849 0.081126 0.995649 -1.000800 0.000000 0.000000 0.000000 1.000000
0.997880 0.039098 0.052035 0.000000 -0.034495 0.995645 -0.086608 10.083500 -0.055195 0.084629 0.994883 -1.000800 0.000000 0.000000 0.000000 1.000000
0.997445 0.043281 0.056831 0.000000 -0.037599 0.994524 -0.097506 10.083500 -0.060740 0.095120 0.993611 -1.000800 0.000000 0.000000 0.000000 1.000000
0.997471 0.042826 0.056727 -0.000000 -0.036267 0.993047 -0.111992 10.083500 -0.061129 0.109652 0.992089 -1.000800 0.000000 0.000000 0.000000 1.000000
0.998051 0.036844 0.050368 0.000000 -0.030221 0.991511 -0.126462 10.083500 -0.054600 0.124694 0.990692 -1.000800 0.000000 0.000000 0.000000 1.000000
0.998983 0.025385 0.037273 0.000000 -0.019970 0.990081 -0.139075 10.083500 -0.040434 0.138189 0.989580 -1.000800 0.000000 0.000000 0.000000 1.000000
0.999756 0.011148 0.019052 -0.000000 -0.008157 0.988590 -0.150411 10.083500 -0.020511 0.150219 0.988440 -1.000800 0.000000 0.000000 0.000000 1.000000
0.999997 -0.002273 -0.000457 -0.000000 0.002171 0.987119 -0.159976 10.083500 0.000815 0.159974 0.987121 -1.000800 0.000000 0.000000 0.000000 1.000000
0.999742 -0.012697 -0.018856 -0.000000 0.009407 0.986197 -0.165310 10.083500 0.020694 0.165090 0.986061 -1.000800 0.000000 0.000000 0.000000 1.000000
0.999183 -0.018433 -0.035963 0.000000 0.012222 0.986073 -0.165862 10.083500 0.038519 0.165287 0.985493 -1.000800 0.000000 0.000000 0.000000 1.000000
0.998465 -0.019165 -0.051956 0.000000 0.010464 0.986597 -0.162841 10.083500 0.054381 0.162048 0.985283 -1.000800 0.000000 0.000000 0.000000 1.000000
0.997497 -0.019186 -0.068049 0.000000 0.008203 0.987381 -0.158149 10.083500 0.070225 0.157195 0.985068 -1.000800 0.000000 0.000000 0.000000 1.000000
0.996416 -0.020910 -0.081963 -0.000000 0.008120 0.988134 -0.153381 10.083500 0.084198 0.152165 0.984762 -1.000800 0.000000 0.000000 0.000000 1.000000
0.995625 -0.025200 -0.089979 0.000000 0.011429 0.988560 -0.150393 10.083500 0.092739 0.148707 0.984523 -1.000800 0.000000 0.000000 0.000000 1.000000
0.995451 -0.031476 -0.089921 0.000000 0.017729 0.988561 -0.149777 10.083500 0.093607 0.147501 0.984622 -1.000800 0.000000 0.000000 0.000000 1.000000
0.995847 -0.038538 -0.082481 0.000000 0.025768 0.988253 -0.150641 10.083500 0.087318 0.147890 0.985142 -1.000800 0.000000 0.000000 0.000000 1.000000
0.996608 -0.044275 -0.069368 0.000000 0.033432 0.988069 -0.150337 10.083500 0.075196 0.147508 0.986198 -1.000800 0.000000 0.000000 0.000000 1.000000
0.997505 -0.047100 -0.052583 0.000000 0.038948 0.988442 -0.146511 10.083500 0.058876 0.144097 0.987811 -1.000800 0.000000 0.000000 0.000000 1.000000
0.998346 -0.045513 -0.035131 0.000000 0.040228 0.989510 -0.138752 10.083500 0.041077 0.137109 0.989704 -1.000800 0.000000 0.000000 0.000000 1.000000
0.999098 -0.037454 -0.020009 0.000000 0.034594 0.991179 -0.127937 10.083500 0.024624 0.127129 0.991581 -1.000800 0.000000 0.000000 0.000000 1.000000</float_array>
        <technique_common>
          <accessor source="#mixamorig_Spine1-Matrix-animation-output-transform-array" count="25" stride="16">
            <param type="float4x4"/>
          </accessor>
        </technique_common>
      </source>
      <source id="mixamorig_Spine1-Interpolations">
        <Name_array id="mixamorig_Spine1-Interpolations-array" count="25">
 LINEAR LINEAR LINEAR LINEAR LINEAR LINEAR LINEAR LINEAR LINEAR LINEAR LINEAR
LINEAR LINEAR LINEAR LINEAR LINEAR LINEAR LINEAR LINEAR LINEAR LINEAR LINEAR LINEAR
LINEAR LINEAR</Name_array>
        <technique_common>
          <accessor source="#mixamorig_Spine1-Interpolations-array" count="25">
            <param type="name"/>
          </accessor>
        </technique_common>
      </source>
      <sampler id="mixamorig_Spine1-Matrix-animation-transform">
        <input semantic="INPUT" source="#mixamorig_Spine1-Matrix-animation-input"/>
        <input semantic="OUTPUT" source="#mixamorig_Spine1-Matrix-animation-output-transform"/>
        <input semantic="INTERPOLATION" source="#mixamorig_Spine1-Interpolations"/>
      </sampler>
      <channel source="#mixamorig_Spine1-Matrix-animation-transform" target="mixamorig_Spine1/matrix"/>
    </animation>
    <animation id="mixamorig_Spine2-anim" name="mixamorig_Spine2">
      <source id="mixamorig_Spine2-Matrix-animation-input">
        <float_array id="mixamorig_Spine2-Matrix-animation-input-array" count="25">

0.000000 0.033333 0.066667 0.100000 0.133333 0.166667 0.200000 0.233333 0.266667 0.300000 0.333333 0.366667 0.400000 0.433333 0.466667 0.500000
0.533333 0.566667 0.600000 0.633333 0.666667 0.700000 0.733333 0.766667 0.800000</float_array>
        <technique_common>
          <accessor source="#mixamorig_Spine2-Matrix-animation-input-array" count="25">
            <param name="TIME" type="float"/>
          </accessor>
        </technique_common>
      </source>
      <source id="mixamorig_Spine2-Matrix-animation-output-transform">
        <float_array id="mixamorig_Spine2-Matrix-animation-output-transform-array" count="400">

0.999250 -0.034265 -0.018063 0.000000 0.031662 0.991176 -0.128717 9.100000 0.022314 0.128049 0.991517 -1.373400 0.000000 0.000000 0.000000 1.000000
0.999724 -0.023124 -0.004100 0.000000 0.022481 0.992801 -0.117649 9.100000 0.006791 0.117525 0.993047 -1.373400 0.000000 0.000000 0.000000 1.000000
0.999919 -0.009263 0.008727 0.000000 0.010138 0.994279 -0.106327 9.100000 -0.007692 0.106407 0.994293 -1.373400 0.000000 0.000000 0.000000 1.000000
0.999772 0.006094 0.020465 0.000000 -0.004112 0.995422 -0.095486 9.100000 -0.020953 0.095380 0.995220 -1.373400 0.000000 0.000000 0.000000 1.000000
0.999286 0.020582 0.031682 -0.000000 -0.017766 0.996072 -0.086742 9.100000 -0.033343 0.086118 0.995727 -1.373400 0.000000 0.000000 0.000000 1.000000
0.998590 0.032282 0.042151 -0.000000 -0.028685 0.996111 -0.083308 9.100000 -0.044676 0.081982 0.995632 -1.373400 0.000000 0.000000 0.000000 1.000000
0.997918 0.040133 0.050482 0.000000 -0.035604 0.995517 -0.087623 9.100000 -0.053772 0.085643 0.994874 -1.373400 0.000000 0.000000 0.000000 1.000000
0.997489 0.044162 0.055372 -0.000000 -0.038556 0.994388 -0.098518 9.100000 -0.059412 0.096136 0.993594 -1.373400 0.000000 0.000000 0.000000 1.000000
0.997479 0.043961 0.055708 0.000000 -0.037463 0.992916 -0.112754 9.100000 -0.060270 0.110383 0.992060 -1.373400 0.000000 0.000000 0.000000 1.000000
0.997992 0.038674 0.050155 0.000000 -0.032048 0.991415 -0.126767 9.100000 -0.054627 0.124905 0.990664 -1.373400 0.000000 0.000000 0.000000 1.000000
0.998877 0.028151 0.038117 0.000000 -0.022601 0.990045 -0.138921 9.100000 -0.041649 0.137904 0.989570 -1.373400 0.000000 0.000000 0.000000 1.000000
0.999668 0.014958 0.020958 0.000000 -0.011648 0.988616 -0.150012 9.100000 -0.022963 0.149718 0.988462 -1.373400 0.000000 0.000000 0.000000 1.000000
0.999994 0.002732 0.002247 0.000000 -0.002338 0.987170 -0.159654 9.100000 -0.002654 0.159648 0.987170 -1.373400 0.000000 0.000000 0.000000 1.000000
0.999852 -0.006574 -0.015886 0.000000 0.003858 0.986231 -0.165332 9.100000 0.016754 0.165246 0.986110 -1.373400 0.000000 0.000000 0.000000 1.000000
0.999372 -0.011641 -0.033475 0.000000 0.005918 0.986066 -0.166248 9.100000 0.034944 0.165946 0.985516 -1.373400 0.000000 0.000000 0.000000 1.000000
0.998642 -0.012093 -0.050671 0.000000 0.003654 0.986548 -0.163433 9.100000 0.051966 0.163026 0.985252 -1.373400 0.000000 0.000000 0.000000 1.000000
0.997617 -0.012182 -0.067908 0.000000 0.001249 0.987315 -0.158767 9.100000 0.068981 0.158304 0.984978 -1.373400 0.000000 0.000000 0.000000 1.000000
0.996485 -0.014096 -0.082573 0.000000 0.001216 0.988069 -0.154005 9.100000 0.083759 0.153363 0.984614 -1.373400 0.000000 0.000000 0.000000 1.000000
0.995671 -0.018609 -0.091066 0.000000 0.004660 0.988515 -0.151051 9.100000 0.092831 0.149973 0.984322 -1.373400 0.000000 0.000000 0.000000 1.000000
0.995503 -0.025302 -0.091284 0.000000 0.011329 0.988553 -0.150450 9.100000 0.094046 0.148740 0.984394 -1.373400 0.000000 0.000000 0.000000 1.000000
0.995936 -0.033152 -0.083741 -0.000000 0.020174 0.988279 -0.151320 9.100000 0.087776 0.149016 0.984931 -1.373400 0.000000 0.000000 0.000000 1.000000
0.996750 -0.039841 -0.070012 0.000000 0.028886 0.988105 -0.151046 9.100000 0.075197 0.148533 0.986044 -1.373400 0.000000 0.000000 0.000000 1.000000
0.997702 -0.043285 -0.052128 0.000000 0.035186 0.988460 -0.147336 9.100000 0.057903 0.145163 0.987712 -1.373400 0.000000 0.000000 0.000000 1.000000
0.998555 -0.041977 -0.033546 0.000000 0.036905 0.989512 -0.139656 9.100000 0.039057 0.138216 0.989632 -1.373400 0.000000 0.000000 0.000000 1.000000
0.999250 -0.034265 -0.018063 0.000000 0.031662 0.991176 -0.128717 9.100000 0.022314 0.128049 0.991517 -1.373400 0.000000 0.000000 0.000000 1.000000</float_array>
        <technique_common>
          <accessor source="#mixamorig_Spine2-Matrix-animation-output-transform-array" count="25" stride="16">
            <param type="float4x4"/>
          </accessor>
        </technique_common>
      </source>
      <source id="mixamorig_Spine2-Interpolations">
        <Name_array id="mixamorig_Spine2-Interpolations-array" count="25">
 LINEAR LINEAR LINEAR LINEAR LINEAR LINEAR LINEAR LINEAR LINEAR LINEAR LINEAR
LINEAR LINEAR LINEAR LINEAR LINEAR LINEAR LINEAR LINEAR LINEAR LINEAR LINEAR LINEAR
LINEAR LINEAR</Name_array>
        <technique_common>
          <accessor source="#mixamorig_Spine2-Interpolations-array" count="25">
            <param type="name"/>
          </accessor>
        </technique_common>
      </source>
      <sampler id="mixamorig_Spine2-Matrix-animation-transform">
        <input semantic="INPUT" source="#mixamorig_Spine2-Matrix-animation-input"/>
        <input semantic="OUTPUT" source="#mixamorig_Spine2-Matrix-animation-output-transform"/>
        <input semantic="INTERPOLATION" source="#mixamorig_Spine2-Interpolations"/>
      </sampler>
      <channel source="#mixamorig_Spine2-Matrix-animation-transform" target="mixamorig_Spine2/matrix"/>
    </animation>
    <animation id="mixamorig_Neck-anim" name="mixamorig_Neck">
      <source id="mixamorig_Neck-Matrix-animation-input">
        <float_array id="mixamorig_Neck-Matrix-animation-input-array" count="25">

0.000000 0.033333 0.066667 0.100000 0.133333 0.166667 0.200000 0.233333 0.266667 0.300000 0.333333 0.366667 0.400000 0.433333 0.466667 0.500000
0.533333 0.566667 0.600000 0.633333 0.666667 0.700000 0.733333 0.766667 0.800000</float_array>
        <technique_common>
          <accessor source="#mixamorig_Neck-Matrix-animation-input-array" count="25">
            <param name="TIME" type="float"/>
          </accessor>
        </technique_common>
      </source>
      <source id="mixamorig_Neck-Matrix-animation-output-transform">
        <float_array id="mixamorig_Neck-Matrix-animation-output-transform-array" count="400">

0.998135 0.035698 0.049528 0.000000 -0.040520 0.994157 0.100049 16.671700 -0.045668 -0.101869 0.993749 -2.516200 0.000000 0.000000 0.000000 1.000000
0.997917 0.049251 0.041667 0.000000 -0.052423 0.995511 0.078802 16.671700 -0.037598 -0.080823 0.996019 -2.516200 0.000000 0.000000 0.000000 1.000000
0.997530 0.061818 0.033358 -0.000000 -0.063677 0.996291 0.057879 16.671700 -0.029656 -0.059860 0.997766 -2.516200 0.000000 0.000000 0.000000 1.000000
0.996962 0.073661 0.025326 0.000000 -0.074678 0.996328 0.041884 16.671700 -0.022148 -0.043649 0.998801 -2.516200 0.000000 0.000000 0.000000 1.000000
0.996157 0.085751 0.017838 -0.000000 -0.086313 0.995702 0.033573 16.671700 -0.014882 -0.034984 0.999277 -2.516200 0.000000 0.000000 0.000000 1.000000
0.995023 0.099000 0.011305 0.000000 -0.099334 0.994459 0.034409 16.671700 -0.007836 -0.035360 0.999344 -2.516200 0.000000 0.000000 0.000000 1.000000
0.993528 0.113417 0.006173 0.000000 -0.113580 0.992504 0.045110 16.671700 -0.001010 -0.045519 0.998963 -2.516200 0.000000 0.000000 0.000000 1.000000
0.991801 0.127783 0.001684 0.000000 -0.127636 0.989832 0.062775 16.671700 0.006355 -0.062475 0.998026 -2.516200 0.000000 0.000000 0.000000 1.000000
0.990038 0.140773 -0.002933 0.000000 -0.140059 0.986725 0.082197 16.671700 0.014466 -0.080968 0.996612 -2.516200 0.000000 0.000000 0.000000 1.000000
0.988579 0.150551 -0.006836 -0.000000 -0.149182 0.984010 0.097313 16.671700 0.021377 -0.095182 0.995230 -2.516200 0.000000 0.000000 0.000000 1.000000
0.987884 0.154960 -0.008554 0.000000 -0.153260 0.982755 0.103458 16.671700 0.024438 -0.100894 0.994597 -2.516200 0.000000 0.000000 0.000000 1.000000
0.988491 0.151056 -0.008270 0.000000 -0.149508 0.983785 0.099064 16.671700 0.023101 -0.096688 0.995047 -2.516200 0.000000 0.000000 0.000000 1.000000
0.990326 0.138580 -0.007021 0.000000 -0.137481 0.986805 0.085525 16.671700 0.018781 -0.083732 0.996311 -2.516200 0.000000 0.000000 0.000000 1.000000
0.992658 0.120876 -0.004453 0.000000 -0.120352 0.990695 0.063548 16.671700 0.012093 -0.062546 0.997969 -2.516200 0.000000 0.000000 0.000000 1.000000
0.994908 0.100787 0.000848 0.000000 -0.100748 0.994211 0.037332 16.671700 0.002919 -0.037228 0.999303 -2.516200 0.000000 0.000000 0.000000 1.000000
0.996828 0.078896 0.010409 0.000000 -0.079049 0.996756 0.015154 16.671700 -0.009180 -0.015929 0.999831 -2.516200 0.000000 0.000000 0.000000 1.000000
0.997993 0.059116 0.022698 -0.000000 -0.059081 0.998251 -0.002215 16.671700 -0.022789 0.000870 0.999740 -2.516200 0.000000 0.000000 0.000000 1.000000
0.998428 0.043114 0.035813 0.000000 -0.042906 0.999058 -0.006547 16.671700 -0.036061 0.005000 0.999337 -2.516200 0.000000 0.000000 0.000000 1.000000
0.998376 0.030991 0.047795 0.000000 -0.031365 0.999483 0.007102 16.671700 -0.047550 -0.008590 0.998832 -2.516200 0.000000 0.000000 0.000000 1.000000
0.998112 0.022153 0.057289 0.000000 -0.024273 0.999036 0.036586 16.671700 -0.056423 -0.037908 0.997687 -2.516200 0.000000 0.000000 0.000000 1.000000
0.997840 0.016779 0.063510 0.000000 -0.021413 0.997101 0.073017 16.671700 -0.062101 -0.074219 0.995307 -2.516200 0.000000 0.000000 0.000000 1.000000
0.997742 0.015443 0.065363 0.000000 -0.022206 0.994325 0.104043 16.671700 -0.063385 -0.105260 0.992423 -2.516200 0.000000 0.000000 0.000000 1.000000
0.997880 0.018646 0.062353 -0.000000 -0.026031 0.992455 0.119811 16.671700 -0.059648 -0.121180 0.990837 -2.516200 0.000000 0.000000 0.000000 1.000000
0.998085 0.025906 0.056165 -0.000000 -0.032376 0.992541 0.117536 16.671700 -0.052701 -0.119129 0.991479 -2.516200 0.000000 0.000000 0.000000 1.000000
0.998135 0.035698 0.049528 0.000000 -0.040520 0.994157 0.100049 16.671700 -0.045668 -0.101869 0.993749 -2.516200 0.000000 0.000000 0.000000 1.000000</float_array>
        <technique_common>
          <accessor source="#mixamorig_Neck-Matrix-animation-output-transform-array" count="25" stride="16">
            <param type="float4x4"/>
          </accessor>
        </technique_common>
      </source>
      <source id="mixamorig_Neck-Interpolations">
        <Name_array id="mixamorig_Neck-Interpolations-array" count="25">
 LINEAR LINEAR LINEAR LINEAR LINEAR LINEAR LINEAR LINEAR LINEAR LINEAR LINEAR
LINEAR LINEAR LINEAR LINEAR LINEAR LINEAR LINEAR LINEAR LINEAR LINEAR LINEAR LINEAR
LINEAR LINEAR</Name_array>
        <technique_common>
          <accessor source="#mixamorig_Neck-Interpolations-array" count="25">
            <param type="name"/>
          </accessor>
        </technique_common>
      </source>
      <sampler id="mixamorig_Neck-Matrix-animation-transform">
        <input semantic="INPUT" source="#mixamorig_Neck-Matrix-animation-input"/>
        <input semantic="OUTPUT" source="#mixamorig_Neck-Matrix-animation-output-transform"/>
        <input semantic="INTERPOLATION" source="#mixamorig_Neck-Interpolations"/>
      </sampler>
      <channel source="#mixamorig_Neck-Matrix-animation-transform" target="mixamorig_Neck/matrix"/>
    </animation>
    <animation id="mixamorig_Head-anim" name="mixamorig_Head">
      <source id="mixamorig_Head-Matrix-animation-input">
        <float_array id="mixamorig_Head-Matrix-animation-input-array" count="25">

0.000000 0.033333 0.066667 0.100000 0.133333 0.166667 0.200000 0.233333 0.266667 0.300000 0.333333 0.366667 0.400000 0.433333 0.466667 0.500000
0.533333 0.566667 0.600000 0.633333 0.666667 0.700000 0.733333 0.766667 0.800000</float_array>
        <technique_common>
          <accessor source="#mixamorig_Head-Matrix-animation-input-array" count="25">
            <param name="TIME" type="float"/>
          </accessor>
        </technique_common>
      </source>
      <source id="mixamorig_Head-Matrix-animation-output-transform">
        <float_array id="mixamorig_Head-Matrix-animation-output-transform-array" count="400">

0.950375 0.087936 0.298420 0.000000 -0.248543 0.791544 0.558287 9.617900 -0.187118 -0.604752 0.774120 1.685000 0.000000 0.000000 0.000000 1.000000
0.960289 0.103502 0.259098 0.000000 -0.237801 0.789335 0.566040 9.617900 -0.145929 -0.605175 0.782603 1.685000 0.000000 0.000000 0.000000 1.000000
0.971410 0.103860 0.213486 0.000000 -0.210597 0.792100 0.572911 9.617900 -0.109600 -0.601491 0.791326 1.685000 0.000000 0.000000 0.000000 1.000000
0.983428 0.085492 0.159877 0.000000 -0.163011 0.802936 0.573342 9.617900 -0.079355 -0.589902 0.803566 1.685000 0.000000 0.000000 0.000000 1.000000
0.994059 0.049648 0.096855 -0.000000 -0.095921 0.820132 0.564076 9.617900 -0.051428 -0.570016 0.820023 1.685000 0.000000 0.000000 0.000000 1.000000
0.999639 0.003153 0.026670 0.000000 -0.017263 0.836202 0.548149 9.617900 -0.020573 -0.548412 0.835955 1.685000 0.000000 0.000000 0.000000 1.000000
0.998116 -0.042566 -0.044195 0.000000 0.059651 0.841966 0.536223 9.617900 0.014386 -0.537849 0.842919 1.685000 0.000000 0.000000 0.000000 1.000000
0.991319 -0.076235 -0.107119 0.000000 0.122285 0.833900 0.538198 9.617900 0.048297 -0.546625 0.835983 1.685000 0.000000 0.000000 0.000000 1.000000
0.983534 -0.092634 -0.155175 0.000000 0.164588 0.813757 0.557414 9.617900 0.074640 -0.573776 0.815604 1.685000 0.000000 0.000000 0.000000 1.000000
0.978387 -0.095237 -0.183548 0.000000 0.187159 0.785274 0.590184 9.617900 0.087928 -0.611780 0.786126 1.685000 0.000000 0.000000 0.000000 1.000000
0.977060 -0.092816 -0.191673 -0.000000 0.194769 0.753453 0.627992 9.617900 0.086129 -0.650918 0.754247 1.685000 0.000000 0.000000 0.000000 1.000000
0.978980 -0.091485 -0.182287 0.000000 0.190947 0.725201 0.661531 9.617900 0.071675 -0.682433 0.727426 1.685000 0.000000 0.000000 0.000000 1.000000
0.983456 -0.089602 -0.157437 0.000000 0.174345 0.704138 0.688327 9.617900 0.049182 -0.704387 0.708110 1.685000 0.000000 0.000000 0.000000 1.000000
0.989662 -0.082998 -0.116961 0.000000 0.141817 0.687841 0.711873 9.617900 0.021367 -0.721101 0.692501 1.685000 0.000000 0.000000 0.000000 1.000000
0.995813 -0.069630 -0.059222 -0.000000 0.090748 0.675304 0.731935 9.617900 -0.010972 -0.734245 0.678795 1.685000 0.000000 0.000000 0.000000 1.000000
0.998593 -0.048804 0.020726 -0.000000 0.017455 0.671690 0.740627 9.617900 -0.050067 -0.739223 0.671597 1.685000 0.000000 0.000000 0.000000 1.000000
0.993462 -0.024529 0.111501 0.000000 -0.065369 0.678493 0.731693 9.617900 -0.093601 -0.734197 0.672453 1.685000 0.000000 0.000000 0.000000 1.000000
0.979682 -0.001538 0.200550 0.000000 -0.142791 0.696832 0.702877 9.617900 -0.140831 -0.717233 0.682454 1.685000 0.000000 0.000000 0.000000 1.000000
0.961293 0.014844 0.275127 0.000000 -0.200119 0.723982 0.660154 9.617900 -0.189388 -0.689659 0.698929 1.685000 0.000000 0.000000 0.000000 1.000000
0.944309 0.023261 0.328237 0.000000 -0.232511 0.753018 0.615550 9.617900 -0.232850 -0.657589 0.716490 1.685000 0.000000 0.000000 0.000000 1.000000
0.933000 0.027546 0.358820 0.000000 -0.245965 0.776645 0.579935 9.617900 -0.262701 -0.629336 0.731385 1.685000 0.000000 0.000000 0.000000 1.000000
0.929370 0.034227 0.367560 -0.000000 -0.250084 0.790768 0.558698 9.617900 -0.271532 -0.611158 0.743476 1.685000 0.000000 0.000000 0.000000 1.000000
0.932971 0.048100 0.356723 0.000000 -0.251738 0.795545 0.551123 9.617900 -0.257280 -0.603982 0.754329 1.685000 0.000000 0.000000 0.000000 1.000000
0.940894 0.068250 0.331753 0.000000 -0.252527 0.794109 0.552830 9.617900 -0.225717 -0.603931 0.764407 1.685000 0.000000 0.000000 0.000000 1.000000
0.950375 0.087936 0.298420 -0.000000 -0.248543 0.791544 0.558287 9.617900 -0.187118 -0.604752 0.774120 1.685000 0.000000 0.000000 0.000000 1.000000</float_array>
        <technique_common>
          <accessor source="#mixamorig_Head-Matrix-animation-output-transform-array" count="25" stride="16">
            <param type="float4x4"/>
          </accessor>
        </technique_common>
      </source>
      <source id="mixamorig_Head-Interpolations">
        <Name_array id="mixamorig_Head-Interpolations-array" count="25">
 LINEAR LINEAR LINEAR LINEAR LINEAR LINEAR LINEAR LINEAR LINEAR LINEAR LINEAR
LINEAR LINEAR LINEAR LINEAR LINEAR LINEAR LINEAR LINEAR LINEAR LINEAR LINEAR LINEAR
LINEAR LINEAR</Name_array>
        <technique_common>
          <accessor source="#mixamorig_Head-Interpolations-array" count="25">
            <param type="name"/>
          </accessor>
        </technique_common>
      </source>
      <sampler id="mixamorig_Head-Matrix-animation-transform">
        <input semantic="INPUT" source="#mixamorig_Head-Matrix-animation-input"/>
        <input semantic="OUTPUT" source="#mixamorig_Head-Matrix-animation-output-transform"/>
        <input semantic="INTERPOLATION" source="#mixamorig_Head-Interpolations"/>
      </sampler>
      <channel source="#mixamorig_Head-Matrix-animation-transform" target="mixamorig_Head/matrix"/>
    </animation>
    <animation id="mixamorig_LeftShoulder-anim" name="mixamorig_LeftShoulder">
      <source id="mixamorig_LeftShoulder-Matrix-animation-input">
        <float_array id="mixamorig_LeftShoulder-Matrix-animation-input-array" count="25">

0.000000 0.033333 0.066667 0.100000 0.133333 0.166667 0.200000 0.233333 0.266667 0.300000 0.333333 0.366667 0.400000 0.433333 0.466667 0.500000
0.533333 0.566667 0.600000 0.633333 0.666667 0.700000 0.733333 0.766667 0.800000</float_array>
        <technique_common>
          <accessor source="#mixamorig_LeftShoulder-Matrix-animation-input-array" count="25">
            <param name="TIME" type="float"/>
          </accessor>
        </technique_common>
      </source>
      <source id="mixamorig_LeftShoulder-Matrix-animation-output-transform">
        <float_array id="mixamorig_LeftShoulder-Matrix-animation-output-transform-array" count="400">

0.988109 0.153712 0.003643 4.570400 -0.153546 0.987724 -0.028723 10.946000 -0.008013 0.027822 0.999581 -2.628000 0.000000 0.000000 0.000000 1.000000
0.990659 0.133894 -0.025841 4.570400 -0.134707 0.990342 -0.032802 10.946000 0.021199 0.035977 0.999128 -2.628000 0.000000 0.000000 0.000000 1.000000
0.992921 0.109370 -0.046316 4.570400 -0.111156 0.993080 -0.037907 10.946000 0.041850 0.042787 0.998207 -2.628000 0.000000 0.000000 0.000000 1.000000
0.994838 0.082457 -0.059146 4.570400 -0.085109 0.995408 -0.043812 10.946000 0.055262 0.048619 0.997287 -2.628000 0.000000 0.000000 0.000000 1.000000
0.996195 0.056939 -0.065985 4.570400 -0.060298 0.996923 -0.050085 10.946000 0.062930 0.053873 0.996563 -2.628000 0.000000 0.000000 0.000000 1.000000
0.997116 0.037343 -0.066068 4.570400 -0.041041 0.997612 -0.055543 10.946000 0.063837 0.058095 0.996268 -2.628000 0.000000 0.000000 0.000000 1.000000
0.998049 0.027738 -0.055929 4.570400 -0.030998 0.997819 -0.058287 10.946000 0.054190 0.059907 0.996732 -2.628000 0.000000 0.000000 0.000000 1.000000
0.999002 0.028745 -0.034199 4.570400 -0.030670 0.997894 -0.057163 10.946000 0.032484 0.058154 0.997779 -2.628000 0.000000 0.000000 0.000000 1.000000
0.999232 0.039008 -0.003824 4.570400 -0.039156 0.997828 -0.052979 10.946000 0.001749 0.053088 0.998588 -2.628000 0.000000 0.000000 0.000000 1.000000
0.998092 0.054589 0.028840 4.570400 -0.053165 0.997429 -0.048044 10.946000 -0.031388 0.046419 0.998429 -2.628000 0.000000 0.000000 0.000000 1.000000
0.995936 0.070081 0.056577 4.570400 -0.067633 0.996736 -0.044083 10.946000 -0.059482 0.040078 0.997425 -2.628000 0.000000 0.000000 0.000000 1.000000
0.994244 0.077546 0.073934 4.570400 -0.074700 0.996382 -0.040522 10.946000 -0.076809 0.034766 0.996440 -2.628000 0.000000 0.000000 0.000000 1.000000
0.993697 0.075948 0.082453 4.570400 -0.073248 0.996689 -0.035303 10.946000 -0.084861 0.029041 0.995969 -2.628000 0.000000 0.000000 0.000000 1.000000
0.993598 0.071399 0.087550 4.570400 -0.069265 0.997228 -0.027174 10.946000 -0.089248 0.020936 0.995789 -2.628000 0.000000 0.000000 0.000000 1.000000
0.992748 0.071175 0.096875 4.570400 -0.069916 0.997419 -0.016329 10.946000 -0.097787 0.009438 0.995163 -2.628000 0.000000 0.000000 0.000000 1.000000
0.989451 0.083758 0.118203 4.570400 -0.083885 0.996468 -0.003916 10.946000 -0.118113 -0.006040 0.992982 -2.628000 0.000000 0.000000 0.000000 1.000000
0.984618 0.102622 0.141409 4.570400 -0.104366 0.994527 0.004950 10.946000 -0.140127 -0.019632 0.989939 -2.628000 0.000000 0.000000 0.000000 1.000000
0.979207 0.125514 0.159376 4.570400 -0.128253 0.991717 0.006977 10.946000 -0.157181 -0.027272 0.987193 -2.628000 0.000000 0.000000 0.000000 1.000000
0.974746 0.149137 0.166216 4.570400 -0.151532 0.988451 0.001749 10.946000 -0.164035 -0.026891 0.986088 -2.628000 0.000000 0.000000 0.000000 1.000000
0.972420 0.169400 0.160322 4.570400 -0.170364 0.985350 -0.007812 10.946000 -0.159296 -0.019716 0.987034 -2.628000 0.000000 0.000000 0.000000 1.000000
0.972830 0.182053 0.143035 4.570400 -0.181435 0.983248 -0.017459 10.946000 -0.143818 -0.008967 0.989564 -2.628000 0.000000 0.000000 0.000000 1.000000
0.975791 0.185162 0.116396 4.570400 -0.183615 0.982706 -0.023970 10.946000 -0.118821 0.002018 0.992914 -2.628000 0.000000 0.000000 0.000000 1.000000
0.980229 0.179977 0.082218 4.570400 -0.178353 0.983603 -0.026742 10.946000 -0.085683 0.011549 0.996256 -2.628000 0.000000 0.000000 0.000000 1.000000
0.984671 0.168924 0.043437 4.570400 -0.167839 0.985429 -0.027560 10.946000 -0.047460 0.019847 0.998676 -2.628000 0.000000 0.000000 0.000000 1.000000
0.988108 0.153717 0.003645 4.570400 -0.153551 0.987723 -0.028722 10.946000 -0.008015 0.027821 0.999581 -2.628000 0.000000 0.000000 0.000000 1.000000</float_array>
        <technique_common>
          <accessor source="#mixamorig_LeftShoulder-Matrix-animation-output-transform-array" count="25" stride="16">
