5.333,30,159,33
B0,mixamorig_Hips,-1,0.9980848431587219,-0.025504332035779953,0.056360017508268356,0,0.036539215594530106,0.9782021641731262,-0.20441557466983795,0,-0.04991807043552399,0.20608305931091309,0.9772602319717407,0,-0.038177646696567535,37.713478088378906,-0.538478434085846,1
B1,mixamorig_Spine,0,0.9995242357254028,0.018590616062283516,-0.024612681940197945,0,-0.02113911136984825,0.9939578175544739,-0.10770347714424133,0,0.0224616639316082,0.10817203670740128,0.9938778877258301,0,0,3.5169999599456787,-0.7038999795913696,1
B2,mixamorig_Spine1,1,0.9998989701271057,0.0009457440464757383,-0.01421324908733368,0,0.0022848176304250956,0.9742249846458435,0.22556808590888977,0,0.014060048386454582,-0.2255779206752777,0.9741239547729492,0,0,4.184500217437744,0,1
B3,mixamorig_Spine2,2,0.9999081492424011,0.0012414222583174706,-0.013465196825563908,0,0.004367583431303501,0.9127450585365295,0.40850630402565,0,0.012797864153981209,-0.40852826833724976,0.9126560688018799,0,0,4.782299995422363,0,1
B4,mixamorig_Neck,3,0.9982998371124268,-0.056237515062093735,-0.015338127501308918,0,0.05447566509246826,0.9937069416046143,-0.0978323221206665,0,0.020743783563375473,0.0968303233385086,0.9950811266899109,0,0,5.380099773406982,0,1
B5,mixamorig_Head,4,0.9963851571083069,0.006611578166484833,0.08468768000602722,0,0.010471418499946594,0.9798029065132141,-0.19969028234481812,0,-0.08429832011461258,0.19985564053058624,0.9761922359466553,0,0,5.572400093078613,-2.6386001110076904,1
B6,mixamorig_HeadTop_End,5,1,0,0,0,0,1,0,0,0,0,1,0,0,3.6517999172210693,-1.729200005531311,1
B7,mixamorig_LeftShoulder,3,-0.11589883267879486,0.08688505738973618,-0.9894474148750305,0,0.955371618270874,-0.26273760199546814,-0.13498090207576752,0,-0.2716924250125885,-0.9609448909759521,-0.052563492208719254,0,1.8526999950408936,4.71999979019165,-0.13030000030994415,1
B8,mixamorig_LeftArm,7,0.924670398235321,0.3691347539424896,0.09335839003324509,0,-0.2922109067440033,0.5307928919792175,0.7955306768417358,0,0.2441045343875885,-0.7628844380378723,0.5986727476119995,0,0,3.9923999309539795,0,1
B9,mixamorig_LeftForeArm,8,0.7518543004989624,0.4999486207962036,-0.42982497811317444,0,-0.6063381433486938,0.7803395986557007,-0.1529647558927536,0,0.2589302062988281,0.37562641501426697,0.8898599147796631,0,0,12.99839973449707,0,1
B10,mixamorig_LeftHand,9,0.26775452494621277,-0.31245529651641846,0.9114134907722473,0,-0.13089166581630707,0.9253872632980347,0.3557003438472748,0,-0.9545541405677795,-0.21453556418418884,0.20688121020793915,0,0,18.090099334716797,0,1
B11,mixamorig_LeftHandIndex1,10,0.942814290523529,0.2681802809238434,-0.19793877005577087,0,-0.27062731981277466,0.9625648260116577,0.015103464014828205,0,0.19457964599132538,0.03932776674628258,0.980097770690918,0,0,0.8658999800682068,0,1
B12,mixamorig_LeftHandIndex2,11,0.7826037406921387,-0.5531884431838989,-0.2855016589164734,0,0.5573458671569824,0.41834861040115356,0.7171772718429565,0,-0.2772982120513916,-0.7203894853591919,0.6357208490371704,0,0,0.6370000243186951,0,1
B13,mixamorig_LeftHandIndex3,12,0.9650999307632446,0.24032306671142578,-0.10404299944639206,0,-0.1807573437690735,0.8987883925437927,0.39937475323677063,0,0.1894897073507309,-0.366629958152771,0.9108630418777466,0,-0.3441999852657318,0.8863999843597412,-0.43130001425743103,1
B14,mixamorig_LeftHandIndex4,13,1,0,0,0,0,1,0,0,0,0,1,0,0.04800000041723251,0.26510000228881836,-0.1436000019311905,1
B15,mixamorig_RightShoulder,3,-0.08434879779815674,-0.06450260430574417,0.9943402409553528,0,-0.9678552150726318,-0.23195037245750427,-0.09715310484170914,0,0.236903116106987,-0.9705820679664612,-0.04287286847829819,0,-1.8526999950408936,4.720699787139893,-0.13379999995231628,1
B16,mixamorig_RightArm,15,0.9233255386352539,-0.38393235206604004,0.007658496033400297,0,0.21968784928321838,0.5444812178611755,0.809482991695404,0,-0.31495195627212524,-0.7457424402236938,0.587081789970398,0,0,3.9923999309539795,0,1
B17,mixamorig_RightForeArm,16,0.7267135977745056,-0.5116026997566223,0.458393931388855,0,0.6338031888008118,0.7566759586334229,-0.1602884829044342,0,-0.26484349370002747,0.4070146977901459,0.8741738200187683,0,0,13.00730037689209,0,1
B18,mixamorig_RightHand,17,-0.2894371449947357,0.17111080884933472,-0.9417771100997925,0,0.18509240448474884,0.9753230810165405,0.12032277137041092,0,0.9391297698020935,-0.13948975503444672,-0.3139631748199463,0,0,17.855499267578125,0,1
B19,mixamorig_RightHandIndex1,18,-0.9784043431282043,0.1898122876882553,0.08175496757030487,0,0.20093907415866852,0.9661906361579895,0.1615145355463028,0,-0.048334892839193344,0.17445631325244904,-0.9834776520729065,0,0,1.3207999467849731,0,1
B20,mixamorig_RightHandIndex2,19,0.44897955656051636,-0.8930826783180237,-0.02847396396100521,0,0.8762087821960449,0.4338033199310303,0.2099141776561737,0,-0.17511822283267975,-0.11919543147087097,0.9773054122924805,0,0,0.8072999715805054,0,1
B21,mixamorig_RightHandIndex3,20,0.9984091520309448,0.030837513506412506,0.047190479934215546,0,-0.021769730374217033,0.9830873012542725,-0.18183761835098267,0,-0.051999788731336594,0.18052144348621368,0.9821955561637878,0,-0.5281999707221985,0.9217000007629395,-0.2653999924659729,1
B22,mixamorig_RightHandIndex4,21,1,0,0,0,0,1,0,0,0,0,1,0,-0.02250000089406967,0.3231000006198883,-0.031700000166893005,1
B23,mixamorig_LeftUpLeg,0,-0.8778561353683472,-0.3711186349391937,0.30271920561790466,0,0.4026954770088196,-0.9141209125518799,0.04711189121007919,0,0.25923752784729004,0.16326113045215607,0.9519140720367432,0,3.7414000034332275,-1.9503999948501587,0.8169999718666077,1
B24,mixamorig_LeftLeg,23,0.9486336708068848,-0.3163048028945923,-0.0067401546984910965,0,0.2329178750514984,0.7126492261886597,-0.6617244482040405,0,0.21411006152629852,0.6261634230613708,0.749716579914093,0,0,18.044599533081055,0,1
B25,mixamorig_LeftFoot,24,0.909652590751648,-0.046823613345623016,0.412722647190094,0,-0.4007052481174469,0.16276873648166656,0.9016328454017639,0,-0.1093960851430893,-0.9855519533157349,0.12930059432983398,0,0,14.669099807739258,0,1
B26,mixamorig_LeftToeBase,25,0.9987120032310486,-0.05073016881942749,0.000049169528210768476,0,0.05007699877023697,0.9860090017318726,0.15898999571800232,0,-0.008114169351756573,-0.15878283977508545,0.987280011177063,0,0,10.324399948120117,0,1
B27,mixamorig_LeftToe_End,26,1,0,0,0,0,1,0,0,0,0,1,0,0,3.136399984359741,0,1
B28,mixamorig_RightUpLeg,0,-0.9288225173950195,0.2878047525882721,-0.2333611398935318,0,-0.3105899691581726,-0.9481934309005737,0.06679800152778625,0,-0.20204652845859528,0.13452258706092834,0.9700929522514343,0,-3.7414000034332275,-1.9503999948501587,0.19480000436306,1
B29,mixamorig_RightLeg,28,0.9519999027252197,0.3018980920314789,-0.0505116805434227,0,-0.2747842073440552,0.7702073454856873,-0.5755619406700134,0,-0.13485652208328247,0.5618152022361755,0.8161947727203369,0,0,17.99180030822754,0,1
B30,mixamorig_RightFoot,29,0.874655544757843,0.18780510127544403,-0.4468858540058136,0,0.37877827882766724,0.31050604581832886,0.871844470500946,0,0.30249714851379395,-0.9318337440490723,0.20044973492622375,0,0,13.706600189208984,0,1
B31,mixamorig_RightToeBase,30,0.9948391318321228,0.10117294639348984,-0.007661037612706423,0,-0.09776284545660019,0.9760316014289856,0.1944342851638794,0,0.027149343863129616,-0.19268222153186798,0.9808856248855591,0,0,9.723199844360352,0,1
B32,mixamorig_RightToe_End,31,1,0,0,0,0,1,0,0,0,0,1,0,0,3.0487000942230225,0,1
@28,0,1,2,3,4,5,7,8,9,10,11,12,13,15,16,17,18,19,20,21,23,24,25,26,28,29,30,31
K0.000,0.9973869919776917,-0.015123000368475914,0.0706389993429184,0,0.029201000928878784,0.9787949919700623,-0.2027530074119568,0,-0.06607499718666077,0.20428599417209625,0.9766790270805359,0,0.08310200273990631,37.714691162109375,-0.63749098777771,1,0.9996029734611511,0.018264999613165855,-0.02145799994468689,0,-0.020508000627160072,0.9937829971313477,-0.10943099856376648,0,0.019325999543070793,0.10982800275087357,0.9937630295753479,0,0,3.5169999599456787,-0.7038999795913696,1,0.9999300241470337,0.0013010000111535192,-0.011769000440835953,0,0.0013510000426322222,0.9749190211296082,0.2225549966096878,0,0.011762999929487705,-0.2225549966096878,0.9748489856719971,0,0,4.184500217437744,0,1,0.9999380111694336,0.0014690000098198652,-0.01107800006866455,0,0.0031610000878572464,0.9136850237846375,0.40641099214553833,0,0.010718000121414661,-0.4064199924468994,0.9136229753494263,0,0,4.782299995422363,0,1,0.9977909922599792,-0.060201000422239304,-0.028070999309420586,0,0.05766800045967102,0.9948220252990723,-0.08368200063705444,0,0.03296399861574173,0.08187899738550186,0.9960970282554626,0,0,5.380099773406982,0,1,0.9994879961013794,0.004660000093281269,0.03165699914097786,0,0.00165200000628829,0.9805070161819458,-0.1964769959449768,0,-0.03195599839091301,0.19642800092697144,0.9799969792366028,0,0,5.572400093078613,-2.6386001110076904,1,-0.09607499837875366,0.08757299929857254,-0.9915140271186829,0,0.954600989818573,-0.2740750014781952,-0.11670500040054321,0,-0.28196999430656433,-0.9577130079269409,-0.0572660006582737,0,1.8526999950408936,4.71999979019165,-0.13030000030994415,1,0.9321820139884949,0.3499940037727356,0.09241499751806259,0,-0.2696070075035095,0.5009139776229858,0.8224340081214905,0,0.24155500531196594,-0.7915740013122559,0.561303973197937,0,0,3.9923999309539795,0,1,0.7520480155944824,0.49971601366996765,-0.42977601289749146,0,-0.6060550212860107,0.7805899977684021,-0.15289300680160522,0,0.25907599925994873,0.375450998544693,0.8898969888687134,0,0,12.99839973449707,0,1,0.3601039946079254,-0.2235189974308014,0.9057400226593018,0,-0.08198899775743484,0.9595339894294739,0.2693920135498047,0,-0.9293019771575928,-0.1712699979543686,0.32720598578453064,0,0,18.090099334716797,0,1,0.9417840242385864,0.2718130052089691,-0.1978899985551834,0,-0.27516400814056396,0.9613350033760071,0.010906999930739403,0,0.19320300221443176,0.044179998338222504,0.9801639914512634,0,0,0.8658999800682068,0,1,0.7871909737586975,-0.5497999787330627,-0.27937600016593933,0,0.553816020488739,0.43090999126434326,0.7124639749526978,0,-0.2713269889354706,-0.7155669927597046,0.6436960101127625,0,0,0.6370000243186951,0,1,0.9630849957466125,0.24722500145435333,-0.10652200132608414,0,-0.18837900459766388,0.9016119837760925,0.38937100768089294,0,0.19230300188064575,-0.3549309968948364,0.9149010181427002,0,-0.3441999852657318,0.8863999843597412,-0.43130001425743103,1,-0.05925599858164787,-0.06832599639892578,0.9959020018577576,0,-0.9665690064430237,-0.24539299309253693,-0.07434599846601486,0,0.24946700036525726,-0.9670130014419556,-0.05150099843740463,0,-1.8526999950408936,4.720699787139893,-0.13379999995231628,1,0.9169870018959045,-0.3982999920845032,-0.022160999476909637,0,0.23969200253486633,0.5057200193405151,0.8287310004234314,0,-0.3188759982585907,-0.7652480006217957,0.5592079758644104,0,0,3.9923999309539795,0,1,0.766074001789093,-0.4604699909687042,0.44843900203704834,0,0.5704569816589355,0.8085579872131348,-0.14426900446414948,0,-0.29615798592567444,0.36633598804473877,0.8820930123329163,0,0,13.00730037689209,0,1,-0.11197300255298615,0.11215800046920776,-0.9873610138893127,0,0.13082699477672577,0.9866250157356262,0.09723799675703049,0,0.9850620031356812,-0.11828500032424927,-0.12514899671077728,0,0,17.855499267578125,0,1,-0.9701679944992065,0.2260109931230545,0.08771300315856934,0,0.2374279946088791,0.9589139819145203,0.1552789956331253,0,-0.04901399835944176,0.1714719980955124,-0.98396897315979,0,0,1.3207999467849731,0,1,0.4775030016899109,-0.8780890107154846,-0.030825000256299973,0,0.8618000149726868,0.4612340033054352,0.21110199391841888,0,-0.17114900052547455,-0.12736700475215912,0.9769780039787292,0,0,0.8072999715805054,0,1,0.998179018497467,0.041057001799345016,0.04419799894094467,0,-0.03238200023770332,0.9828270077705383,-0.1816679984331131,0,-0.050898000597953796,0.1799059957265854,0.9823660254478455,0,-0.5281999707221985,0.9217000007629395,-0.2653999924659729,1,-0.8788449764251709,-0.36353498697280884,0.30898699164390564,0,0.3944090008735657,-0.9179859757423401,0.041763000190258026,0,0.26846399903297424,0.1585710048675537,0.9501489996910095,0,3.7414000034332275,-1.9503999948501587,0.8169999718666077,1,0.9475539922714233,-0.31957000494003296,0.004118000157177448,0,0.24379999935626984,0.7144370079040527,-0.6558520197868347,0,0.20664800703525543,0.6224589943885803,0.7548779845237732,0,0,18.044599533081055,0,1,0.9090980291366577,-0.03999999910593033,0.4146580100059509,0,-0.40345299243927,0.16339600086212158,0.9002929925918579,0,-0.10376500338315964,-0.9857490062713623,0.13240499794483185,0,0,14.669099807739258,0,1,0.9987099766731262,-0.05077499896287918,0.00012599999899975955,0,0.05010899901390076,0.9860150218009949,0.1589459925889969,0,-0.008194999769330025,-0.1587350070476532,0.9872869849205017,0,0,10.324399948120117,0,1,-0.9285989999771118,0.29412999749183655,-0.22625400125980377,0,-0.31861600279808044,-0.9445189833641052,0.07980100065469742,0,-0.19022899866104126,0.14619199931621552,0.9707940220832825,0,-3.7414000034332275,-1.9503999948501587,0.19480000436306,1,0.9511539936065674,0.3063029944896698,-0.03852299973368645,0,-0.270565003156662,0.767005980014801,-0.5818049907684326,0,-0.14866100251674652,0.5638089776039124,0.8124160170555115,0,0,17.99180030822754,0,1,0.8765890002250671,0.18002499639987946,-0.4462989866733551,0,0.3847239911556244,0.29497000575065613,0.8746309876441956,0,0.2890999913215637,-0.9383940100669861,0.18930700421333313,0,0,13.706600189208984,0,1,0.9951180219650269,0.0985959991812706,-0.004288999829441309,0,-0.0960870012640953,0.9778779745101929,0.18580299615859985,0,0.02251400053501129,-0.18448400497436523,0.9825779795646667,0,0,9.723199844360352,0,1
K0.033,0.9973949790000916,-0.01478299219161272,0.07059799879789352,0,0.028867991641163826,0.9787759780883789,-0.20288799703121185,0,-0.06610100716352463,0.2043980062007904,0.9766539931297302,0,0.0774199590086937,37.72298049926758,-0.6342789530754089,1,0.999580979347229,0.018008993938565254,-0.022677017375826836,0,-0.020381996408104897,0.9938129782676697,-0.10918399691581726,0,0.020571017637848854,0.1096000000834465,0.9937630295753479,0,0,3.5169999599456787,-0.7038999795913696,1,0.9999210238456726,0.001301000127568841,-0.012508010491728783,0,0.0015140020987018943,0.9749400019645691,0.22246100008487701,0,0.012484010308980942,-0.222462996840477,0.9748610258102417,0,0,4.184500217437744,0,1,0.9999300241470337,0.0014379998901858926,-0.011716009117662907,0,0.003447003662586212,0.9137169718742371,0.4063369929790497,0,0.01128900796175003,-0.4063490033149719,0.9136480093002319,0,0,4.782299995422363,0,1,0.9978529810905457,-0.059394992887973785,-0.02758098766207695,0,0.05699199438095093,0.9950860142707825,-0.08096496760845184,0,0.03225398436188698,0.07921896874904633,0.9963350296020508,0,0,5.380099773406982,0,1,0.9994480013847351,0.005822011735290289,0.032697051763534546,0,0.0006459977012127638,0.980925977230072,-0.1943819671869278,0,-0.033205050975084305,0.1942959725856781,0.9803810119628906,0,0,5.572400093078613,-2.6386001110076904,1,-0.08827489614486694,0.08829700946807861,-0.9921749830245972,0,0.9537039995193481,-0.2799990773200989,-0.10976991057395935,0,-0.28750109672546387,-0.9559310078620911,-0.05949202924966812,0,1.8526999950408936,4.71999979019165,-0.13030000030994415,1,0.9329590201377869,0.3475739657878876,0.09369900822639465,0,-0.2702920138835907,0.5044530630111694,0.8200419545173645,0,0.23775893449783325,-0.7903919816017151,0.5645800828933716,0,0,3.9923999309539795,0,1,0.7561100721359253,0.49443894624710083,-0.42875099182128906,0,-0.5996559262275696,0.7858290672302246,-0.15127898752689362,0,0.2621270418167114,0.37148693203926086,0.8906660079956055,0,0,12.99839973449707,0,1,0.35621094703674316,-0.2211659550666809,0.9078540802001953,0,-0.08260500431060791,0.9603270292282104,0.26635995507240295,0,-0.9307469725608826,-0.1698729693889618,0.323809951543808,0,0,18.090099334716797,0,1,0.9421870112419128,0.2704019844532013,-0.19790500402450562,0,-0.27340397238731384,0.9618179798126221,0.012532027438282967,0,0.19373701512813568,0.04229997098445892,0.9801409840583801,0,0,0.8658999800682068,0,1,0.7854159474372864,-0.551127016544342,-0.2817460298538208,0,0.5551980137825012,0.4260499179363251,0.71430903673172,0,-0.2736370265483856,-0.7174540758132935,0.640610933303833,0,0,0.6370000243186951,0,1,0.963873028755188,0.24455495178699493,-0.10555098205804825,0,-0.185420960187912,0.900538980960846,0.3932540714740753,0,0.19122499227523804,-0.3594750761985779,0.9133509993553162,0,-0.3441999852657318,0.8863999843597412,-0.43130001425743103,1,-0.049401868134737015,-0.0700170248746872,0.996321976184845,0,-0.9657430052757263,-0.25108808279037476,-0.06553088128566742,0,0.254753053188324,-0.9654290080070496,-0.055215053260326385,0,-1.8526999950408936,4.720699787139893,-0.13379999995231628,1,0.9194790720939636,-0.3925129175186157,-0.02219397760927677,0,0.23741695284843445,0.5093900561332703,0.8271359205245972,0,-0.3133569359779358,-0.7658029794692993,0.5615630745887756,0,0,3.9923999309539795,0,1,0.7687690258026123,-0.4566269814968109,0.4477579891681671,0,0.5656949281692505,0.8121089935302734,-0.14306499063968658,0,-0.29830101132392883,0.36327797174453735,0.8826360106468201,0,0,13.00730037689209,0,1,-0.12430121749639511,0.10258084535598755,-0.9869279861450195,0,0.12339387834072113,0.988519012928009,0.08720483630895615,0,0.9845420122146606,-0.11094188690185547,-0.1355321854352951,0,0,17.855499267578125,0,1,-0.9703670144081116,0.2252049744129181,0.08758199214935303,0,0.23661597073078156,0.9590920209884644,0.15542100369930267,0,-0.04899799823760986,0.17153899371623993,-0.9839580059051514,0,0,1.3207999467849731,0,1,0.47686997056007385,-0.8784350156784058,-0.030772998929023743,0,0.8621320128440857,0.4606259763240814,0.21107499301433563,0,-0.17124100029468536,-0.12718498706817627,0.976984977722168,0,0,0.8072999715805054,0,1,0.9981849789619446,0.04082898795604706,0.04426500201225281,0,-0.03214498981833458,0.982833981513977,-0.18167200684547424,0,-0.050923001021146774,0.17991900444030762,0.9823619723320007,0,-0.5281999707221985,0.9217000007629395,-0.2653999924659729,1,-0.8797900080680847,-0.3627249598503113,0.30724698305130005,0,0.3931799829006195,-0.9185259938240051,0.041475992649793625,0,0.26716896891593933,0.15729397535324097,0.9507259726524353,0,3.7414000034332275,-1.9503999948501587,0.8169999718666077,1,0.9482390284538269,-0.31752097606658936,0.004867018666118383,0,0.2429959923028946,0.7156440019607544,-0.6548330187797546,0,0.2044399529695511,0.6221209764480591,0.7557579874992371,0,0,18.044599533081055,0,1,0.9091590046882629,-0.041177019476890564,0.41440701484680176,0,-0.40295299887657166,0.1642870157957077,0.9003549814224243,0,-0.10515601933002472,-0.9855530261993408,0.13277000188827515,0,0,14.669099807739258,0,1,0.9987099766731262,-0.05077200010418892,0.00012099991727154702,0,0.05010699853301048,0.9860140085220337,0.15895000100135803,0,-0.008189000189304352,-0.15873900055885315,0.9872869849205017,0,0,10.324399948120117,0,1,-0.9289699792861938,0.29356399178504944,-0.22546698153018951,0,-0.31787100434303284,-0.9447910189628601,0.07955098897218704,0,-0.1896659880876541,0.14556998014450073,0.9709979891777039,0,-3.7414000034332275,-1.9503999948501587,0.19480000436306,1,0.9517710208892822,0.3043409585952759,-0.038839004933834076,0,-0.2692659795284271,0.7679060101509094,-0.5812190175056458,0,-0.1470639854669571,0.5636450052261353,0.8128200173377991,0,0,17.99180030822754,0,1,0.8764410018920898,0.18064600229263306,-0.4463390111923218,0,0.3844049870967865,0.29572901129722595,0.8745149970054626,0,0.28997400403022766,-0.9380360245704651,0.18974801898002625,0,0,13.706600189208984,0,1,0.9951120018959045,0.09865999966859818,-0.004374000709503889,0,-0.09612900018692017,0.977832019329071,0.18602100014686584,0,0.022630002349615097,-0.18469199538230896,0.9825360178947449,0,0,9.723199844360352,0,1
K0.067,0.997389018535614,-0.014011007733643055,0.0708480030298233,0,0.028163006529211998,0.9787930250167847,-0.202906996011734,0,-0.06650198996067047,0.20437300205230713,0.9766319990158081,0,0.07302604615688324,37.73812484741211,-0.6266260743141174,1,0.9995520114898682,0.01738300547003746,-0.024343982338905334,0,-0.019939003512263298,0.9938399791717529,-0.10902000218629837,0,0.022298982366919518,0.10945700109004974,0.993740975856781,0,0,3.5169999599456787,-0.7038999795913696,1,0.9999079704284668,0.001307999831624329,-0.01351998932659626,0,0.0017289979150518775,0.9750040173530579,0.22218100726604462,0,0.01347299013286829,-0.22218400239944458,0.9749119877815247,0,0,4.184500217437744,0,1,0.9999189972877502,0.0014290001709014177,-0.012613990344107151,0,0.0038169962354004383,0.9138249754905701,0.40608999133110046,0,0.01210699137300253,-0.40610501170158386,0.9137459993362427,0,0,4.782299995422363,0,1,0.9979349970817566,-0.05858900770545006,-0.02633001282811165,0,0.05638200789690018,0.9953640103340149,-0.07791502773761749,0,0.030773015692830086,0.07626903057098389,0.996612012386322,0,0,5.380099773406982,0,1,0.9992570281028748,0.006973988376557827,0.03791794925928116,0,0.0004210022452753037,0.9814730286598206,-0.1916000247001648,0,-0.03855094686150551,0.19147303700447083,0.9807400107383728,0,0,5.572400093078613,-2.6386001110076904,1,-0.07785210758447647,0.0893549919128418,-0.9929530024528503,0,0.9521290063858032,-0.2886599004268646,-0.10062708705663681,0,-0.29561692476272583,-0.9532529711723328,-0.06260397285223007,0,1.8526999950408936,4.71999979019165,-0.13030000030994415,1,0.9342659711837769,0.34373903274536133,0.09481298923492432,0,-0.2707290053367615,0.5107559561729431,0.8159860372543335,0,0.23206005990505219,-0.7880169749259949,0.5702429413795471,0,0,3.9923999309539795,0,1,0.7609289288520813,0.48805806040763855,-0.4275360107421875,0,-0.5919160842895508,0.7920459508895874,-0.14932601153850555,0,0.26574796438217163,0.36669206619262695,0.8915799856185913,0,0,12.99839973449707,0,1,0.34906205534935,-0.21603503823280334,0.9118579626083374,0,-0.08365198969841003,0.9619960188865662,0.25993505120277405,0,-0.9333590269088745,-0.1670120358467102,0.3177240490913391,0,0,18.090099334716797,0,1,0.9428539872169495,0.26804304122924805,-0.1979379951953888,0,-0.27045702934265137,0.9626110196113586,0.015255972743034363,0,0.19462698698043823,0.03915002942085266,0.9800959825515747,0,0,0.8658999800682068,0,1,0.7824339866638184,-0.5533130168914795,-0.28572797775268555,0,0.5574759840965271,0.41788408160209656,0.7173519134521484,0,-0.27751895785331726,-0.7205669283866882,0.6354260444641113,0,0,0.6370000243186951,0,1,0.9651740193367004,0.24006804823875427,-0.10395201295614243,0,-0.18047603964805603,0.898684024810791,0.3997439444065094,0,0.1893860101699829,-0.36706191301345825,0.9107130169868469,0,-0.3441999852657318,0.8863999843597412,-0.43130001425743103,1,-0.03620313107967377,-0.07222598046064377,0.9967309832572937,0,-0.9644119739532471,-0.2588728964328766,-0.053788114339113235,0,0.26191192865371704,-0.9632070064544678,-0.06028394773602486,0,-1.8526999950408936,4.720699787139893,-0.13379999995231628,1,0.9230469465255737,-0.3841680884361267,-0.020004022866487503,0,0.23291604220867157,0.5167339444160461,0.8238540887832642,0,-0.3061620593070984,-0.7651150226593018,0.566447913646698,0,0,3.9923999309539795,0,1,0.7704669833183289,-0.4541790187358856,0.44732800126075745,0,0.5626630783081055,0.8143470287322998,-0.14229801297187805,0,-0.29965201020240784,0.3613310158252716,0.8829770088195801,0,0,13.00730037689209,0,1,-0.14568179845809937,0.08688515424728394,-0.9855089783668518,0,0.11182111501693726,0.9911990165710449,0.07085716724395752,0,0.9829919934272766,-0.09987810999155045,-0.15411582589149475,0,0,17.855499267578125,0,1,-0.971185028553009,0.2218640297651291,0.08704100549221039,0,0.23325003683567047,0.9598209857940674,0.15600599348545074,0,-0.04893200099468231,0.1718129962682724,-0.9839140176773071,0,0,1.3207999467849731,0,1,0.4742490351200104,-0.879859983921051,-0.030557001009583473,0,0.863502025604248,0.45810502767562866,0.21096199750900269,0,-0.1716189980506897,-0.12643401324748993,0.9770169854164124,0,0,0.8072999715805054,0,1,0.9982110261917114,0.03988301008939743,0.04454199597239494,0,-0.03116200864315033,0.9828619956970215,-0.18168899416923523,0,-0.05102499946951866,0.17997600138187408,0.9823470115661621,0,-0.5281999707221985,0.9217000007629395,-0.2653999924659729,1,-0.8814870119094849,-0.36110103130340576,0.30428004264831543,0,0.3908120393753052,-0.9195619821548462,0.040886007249355316,0,0.2650400400161743,0.15495702624320984,0.9517049789428711,0,3.7414000034332275,-1.9503999948501587,0.8169999718666077,1,0.9494270086288452,-0.31391602754592896,0.006733981426805258,0,0.24194800853729248,0.717756986618042,-0.6529060006141663,0,0.20012503862380981,0.6215159893035889,0.7574089765548706,0,0,18.044599533081055,0,1,0.909309983253479,-0.0430779829621315,0.4138840138912201,0,-0.4020310044288635,0.16566897928714752,0.9005140066146851,0,-0.10735997557640076,-0.9852399826049805,0.13332599401474,0,0,14.669099807739258,0,1,0.9987099766731262,-0.05076799914240837,0.0001130000819102861,0,0.05010399967432022,0.9860140085220337,0.15895399451255798,0,-0.008181000128388405,-0.1587429940700531,0.9872859716415405,0,0,10.324399948120117,0,1,-0.9293879866600037,0.29311200976371765,-0.22433000802993774,0,-0.31715500354766846,-0.9450680017471313,0.07912100851535797,0,-0.18881601095199585,0.14468201994895935,0.9712960124015808,0,-3.7414000034332275,-1.9503999948501587,0.19480000436306,1,0.9525769948959351,0.30178001523017883,-0.039052996784448624,0,-0.2675560414791107,0.7695040106773376,-0.5798940062522888,0,-0.1449490189552307,0.5628430247306824,0.8137549757957458,0,0,17.99180030822754,0,1,0.8762410283088684,0.18130899965763092,-0.4464629888534546,0,0.38398200273513794,0.2970609962940216,0.8742499947547913,0,0.2911359965801239,-0.937487006187439,0.1906769871711731,0,0,13.706600189208984,0,1,0.9951040148735046,0.09873499721288681,-0.0044729989022016525,0,-0.09617800265550613,0.977778971195221,0.18627199530601501,0,0.02276499755680561,-0.1849299967288971,0.9824879765510559,0,0,9.723199844360352,0,1
K0.100,0.9973769783973694,-0.013175999745726585,0.0711740031838417,0,0.027410000562667847,0.9788159728050232,-0.2029000073671341,0,-0.06699299812316895,0.20431800186634064,0.9766089916229248,0,0.06837199628353119,37.7570686340332,-0.6145150065422058,1,0.9995229840278625,0.016641000285744667,-0.026019999757409096,0,-0.019386999309062958,0.9938439726829529,-0.1090800017118454,0,0.024044999852776527,0.10953299701213837,0.9936919808387756,0,0,3.5169999599456787,-0.7038999795913696,1,0.9998930096626282,0.0013259999686852098,-0.014542999677360058,0,0.001930000027641654,0.9751250147819519,0.2216469943523407,0,0.01447600033134222,-0.22165100276470184,0.9750189781188965,0,0,4.184500217437744,0,1,0.9999070167541504,0.0014380000066012144,-0.013553000055253506,0,0.004184000194072723,0.9140099883079529,0.4056690037250519,0,0.01297099981456995,-0.40568798780441284,0.913919985294342,0,0,4.782299995422363,0,1,0.9980159997940063,-0.057757001370191574,-0.025081999599933624,0,0.05576299875974655,0.9956989884376526,-0.07398699969053268,0,0.029247000813484192,0.0724409967660904,0.996944010257721,0,0,5.380099773406982,0,1,0.9990109801292419,0.007942000404000282,0.04374599829316139,0,0.00043700000969693065,0.9821149706840515,-0.18828099966049194,0,-0.04445900022983551,0.1881140023469925,0.9811400175094604,0,0,5.572400093078613,-2.6386001110076904,1,-0.06714999675750732,0.09034000337123871,-0.9936450123786926,0,0.9502729773521423,-0.2977370023727417,-0.0912880003452301,0,-0.3040919899940491,-0.9503639936447144,-0.06585399806499481,0,1.8526999950408936,4.71999979019165,-0.13030000030994415,1,0.9359070062637329,0.3387660086154938,0.09651900082826614,0,-0.270796000957489,0.5167189836502075,0.8122010231018066,0,0.225272998213768,-0.7862820029258728,0.5753380060195923,0,0,3.9923999309539795,0,1,0.7657529711723328,0.4815340042114258,-0.4263190031051636,0,-0.5840049982070923,0.7982680201530457,-0.14733099937438965,0,0.26937198638916016,0.3617910146713257,0.8924940228462219,0,0,12.99839973449707,0,1,0.34151598811149597,-0.21243000030517578,0.9155550003051758,0,-0.0843999981880188,0.9632560014724731,0.2549799978733063,0,-0.9360790252685547,-0.16435299813747406,0.31103798747062683,0,0,18.090099334716797,0,1,0.9437170028686523,0.26494500041007996,-0.19799399375915527,0,-0.26658400893211365,0.9636279940605164,0.018831999972462654,0,0.19578200578689575,0.035009998828172684,0.9800220131874084,0,0,0.8658999800682068,0,1,0.7785040140151978,-0.5561149716377258,-0.29097801446914673,0,0.5603989958763123,0.40711700916290283,0.7212550044059753,0,-0.2826380133628845,-0.7245640158653259,0.6285880208015442,0,0,0.6370000243186951,0,1,0.9668449759483337,0.23415200412273407,-0.10190200060606003,0,-0.174002006649971,0.8961380124092102,0.4082399904727936,0,0.1869090050458908,-0.3769730031490326,0.907168984413147,0,-0.3441999852657318,0.8863999843597412,-0.43130001425743103,1,-0.022646000608801842,-0.07435400038957596,0.9969750046730042,0,-0.9628080129623413,-0.2669369876384735,-0.041777998208999634,0,0.2692349851131439,-0.9608420133590698,-0.06554300338029861,0,-1.8526999950408936,4.720699787139893,-0.13379999995231628,1,0.9267320036888123,-0.3753420114517212,-0.01692499965429306,0,0.22737300395965576,0.5243920087814331,0.8205580115318298,0,-0.2991139888763428,-0.7642850279808044,0.5713130235671997,0,0,3.9923999309539795,0,1,0.7714750170707703,-0.45271599292755127,0.4470730125904083,0,0.560850977897644,0.8156759738922119,-0.14183899760246277,0,-0.3004539906978607,0.360166996717453,0.8831800222396851,0,0,13.00730037689209,0,1,-0.17071400582790375,0.07046999782323837,-0.9827970266342163,0,0.09882800281047821,0.9936339855194092,0.05408100038766861,0,0.980351984500885,-0.0878949984908104,-0.17659200727939606,0,0,17.855499267578125,0,1,-0.9723740220069885,0.2169169932603836,0.08623500168323517,0,0.2282640039920807,0.9608780145645142,0.1568710058927536,0,-0.04883300140500069,0.17222100496292114,-0.9838470220565796,0,0,1.3207999467849731,0,1,0.47036200761795044,-0.8819550275802612,-0.030236000195145607,0,0.8655149936676025,0.4543670117855072,0.21079500019550323,0,-0.17217400670051575,-0.12532000243663788,0.9770619869232178,0,0,0.8072999715805054,0,1,0.9982479810714722,0.03848300129175186,0.04495200142264366,0,-0.029707999899983406,0.982903003692627,-0.1817139983177185,0,-0.05117600038647652,0.1800599992275238,0.9823229908943176,0,-0.5281999707221985,0.9217000007629395,-0.2653999924659729,1,-0.883400022983551,-0.3593040108680725,0.30084100365638733,0,0.38810598850250244,-0.9207469820976257,0.03997199982404709,0,0.2626369893550873,0.15207000076770782,0.9528359770774841,0,3.7414000034332275,-1.9503999948501587,0.8169999718666077,1,0.9507799744606018,-0.3097339868545532,0.009012999944388866,0,0.24082499742507935,0.7203249931335449,-0.6504889726638794,0,0.1949869990348816,0.6206420063972473,0.7594619989395142,0,0,18.044599533081055,0,1,0.9095180034637451,-0.045239001512527466,0.41319599747657776,0,-0.4008840024471283,0.16726699471473694,0.9007290005683899,0,-0.10986199975013733,-0.9848729968070984,0.13399699330329895,0,0,14.669099807739258,0,1,0.9987109899520874,-0.050762999802827835,0.00010599999950500205,0,0.05010100081562996,0.9860129952430725,0.15895800292491913,0,-0.008174000307917595,-0.15874800086021423,0.9872850179672241,0,0,10.324399948120117,0,1,-0.9299430251121521,0.2925100028514862,-0.22281000018119812,0,-0.3161819875240326,-0.9454500079154968,0.07843799889087677,0,-0.18771199882030487,0.14339099824428558,0.9717010259628296,0,-3.7414000034332275,-1.9503999948501587,0.19480000436306,1,0.9535329937934875,0.29869601130485535,-0.039438001811504364,0,-0.2655929923057556,0.7715269923210144,-0.5781069993972778,0,-0.14225000143051147,0.5617179870605469,0.8150079846382141,0,0,17.99180030822754,0,1,0.8760179877281189,0.1820649951696396,-0.4465929865837097,0,0.3835040032863617,0.29851600527763367,0.8739640116691589,0,0.2924340069293976,-0.9368780255317688,0.19168199598789215,0,0,13.706600189208984,0,1,0.9950979948043823,0.09879299998283386,-0.004548999946564436,0,-0.09621699899435043,0.9777380228042603,0.1864680051803589,0,0.022870000451803207,-0.1851159930229187,0.9824510216712952,0,0,9.723199844360352,0,1
K0.133,0.9973639845848083,-0.012573996558785439,0.07146900147199631,0,0.026886997744441032,0.9788079857826233,-0.2030079960823059,0,-0.06740199774503708,0.20439399778842926,0.9765650033950806,0,0.0617649108171463,37.7778205871582,-0.5954816937446594,1,0.999504029750824,0.01593799516558647,-0.02715400420129299,0,-0.018824994564056396,0.993798017501831,-0.10959100723266602,0,0.02523900382220745,0.11004801094532013,0.9936059713363647,0,0,3.5169999599456787,-0.7038999795913696,1,0.9998829960823059,0.0013289997586980462,-0.01525300182402134,0,0.0020710004027932882,0.9753410220146179,0.22069399058818817,0,0.015170001424849033,-0.2206989824771881,0.9752240180969238,0,0,4.184500217437744,0,1,0.9998970031738281,0.0014530003536492586,-0.014268003404140472,0,0.004451001062989235,0.9143109917640686,0.40498900413513184,0,0.013634003698825836,-0.40501099824905396,0.9142100214958191,0,0,4.782299995422363,0,1,0.9980840086936951,-0.056840989738702774,-0.024451998993754387,0,0.05506499111652374,0.9961619973182678,-0.06804390996694565,0,0.028224991634488106,0.06656690686941147,0.9973829984664917,0,0,5.380099773406982,0,1,0.9988639950752258,0.008210987783968449,0.04693499952554703,0,0.0005680086323991418,0.9829189777374268,-0.1840379387140274,0,-0.0476440005004406,0.18385593593120575,0.981797993183136,0,0,5.572400093078613,-2.6386001110076904,1,-0.05873895063996315,0.09099499881267548,-0.9941179752349854,0,0.9487249851226807,-0.30475103855133057,-0.08395195752382278,0,-0.3105980157852173,-0.948074996471405,-0.06842801719903946,0,1.8526999950408936,4.71999979019165,-0.13030000030994415,1,0.9377260208129883,0.3332119286060333,0.09818398207426071,0,-0.26950597763061523,0.5195220112800598,0.8108410239219666,0,0.21917296946048737,-0.7868080139160156,0.5769720077514648,0,0,3.9923999309539795,0,1,0.7695320248603821,0.4763239622116089,-0.42536500096321106,0,-0.5776849985122681,0.8031439781188965,-0.1457359939813614,0,0.2722119987010956,0.3578759729862213,0.8932110071182251,0,0,12.99839973449707,0,1,0.33667999505996704,-0.21553613245487213,0.9166190028190613,0,-0.08394397795200348,0.9627039432525635,0.25720512866973877,0,-0.9378700256347656,-0.1635410189628601,0.3060299754142761,0,0,18.090099334716797,0,1,0.9447979927062988,0.26099893450737,-0.19808200001716614,0,-0.2616449296474457,0.9648810029029846,0.023381058126688004,0,0.19722801446914673,0.02973693236708641,0.9799069762229919,0,0,0.8658999800682068,0,1,0.7734739184379578,-0.5595670342445374,-0.2976951003074646,0,0.564007043838501,0.3933338224887848,0.7260740399360657,0,-0.2891930937767029,-0.7295020818710327,0.6198328733444214,0,0,0.6370000243186951,0,1,0.9689099788665771,0.22657988965511322,-0.09937597066164017,0,-0.16578689217567444,0.8927169442176819,0.4190131425857544,0,0.18365395069122314,-0.3895111382007599,0.9025259613990784,0,-0.3441999852657318,0.8863999843597412,-0.43130001425743103,1,-0.012013939209282398,-0.07592301070690155,0.9970409870147705,0,-0.9613890051841736,-0.2732800245285034,-0.03239394724369049,0,0.27493104338645935,-0.9589340090751648,-0.06970801949501038,0,-1.8526999950408936,4.720699787139893,-0.13379999995231628,1,0.929498016834259,-0.3685789704322815,-0.013514953665435314,0,0.22176794707775116,0.529233992099762,0.8189809918403625,0,-0.29470598697662354,-0.7642390131950378,0.5736610293388367,0,0,3.9923999309539795,0,1,0.7718020081520081,-0.4522390067577362,0.4469909965991974,0,0.560259997844696,0.816107988357544,-0.14169000089168549,0,-0.30071499943733215,0.3597880005836487,0.8832460045814514,0,0,13.00730037689209,0,1,-0.1955922394990921,0.05987398698925972,-0.9788559675216675,0,0.0873299166560173,0.9952319860458374,0.04342598840594292,0,0.9767889380455017,-0.07698991149663925,-0.1998882293701172,0,0,17.855499267578125,0,1,-0.9738069772720337,0.21079891920089722,0.08523298799991608,0,0.2220989316701889,0.9621480107307434,0.15793301165103912,0,-0.04871400073170662,0.17272600531578064,-0.9837639927864075,0,0,1.3207999467849731,0,1,0.46554893255233765,-0.8845190405845642,-0.02983899414539337,0,0.867978036403656,0.4497389495372772,0.21059200167655945,0,-0.1728530079126358,-0.12394098192453384,0.9771180152893066,0,0,0.8072999715805054,0,1,0.9982900023460388,0.036753978580236435,0.04545800760388374,0,-0.02791297808289528,0.98294997215271,-0.18174299597740173,0,-0.05136300250887871,0.18016399443149567,0.9822949767112732,0,-0.5281999707221985,0.9217000007629395,-0.2653999924659729,1,-0.8851079940795898,-0.357915997505188,0.2974569797515869,0,0.3857079744338989,-0.9218159914016724,0.038526978343725204,0,0.26041096448898315,0.14883194863796234,0.9539579749107361,0,3.7414000034332275,-1.9503999948501587,0.8169999718666077,1,0.9520660042762756,-0.3056889772415161,0.011188020929694176,0,0.23977598547935486,0.7230719923973083,-0.6478220224380493,0,0.18994195759296417,0.6194519996643066,0.7617089748382568,0,0,18.044599533081055,0,1,0.9097830057144165,-0.047367021441459656,0.41237398982048035,0,-0.39959999918937683,0.16887801885604858,0.9009990096092224,0,-0.1123180240392685,-0.9844980239868164,0.1347140073776245,0,0,14.669099807739258,0,1,0.9987109899520874,-0.05076000094413757,0.00009999995381804183,0,0.050099000334739685,0.9860129952430725,0.1589609980583191,0,-0.008167999796569347,-0.1587509959936142,0.9872850179672241,0,0,10.324399948120117,0,1,-0.9307079911231995,0.2915610074996948,-0.22084897756576538,0,-0.3146999776363373,-0.9460409879684448,0.0772719755768776,0,-0.18640299141407013,0.1414189636707306,0.972241997718811,0,-3.7414000034332275,-1.9503999948501587,0.19480000436306,1,0.9545959830284119,0.2951829731464386,-0.04016600921750069,0,-0.26350897550582886,0.7737830281257629,-0.5760409832000732,0,-0.13895797729492188,0.5604709982872009,0.8164330124855042,0,0,17.99180030822754,0,1,0.8758040070533752,0.18294501304626465,-0.44665300846099854,0,0.3830299973487854,0.2996470034122467,0.8737850189208984,0,0.29369300603866577,-0.9363459944725037,0.19235800206661224,0,0,13.706600189208984,0,1,0.9950960278511047,0.0988050028681755,-0.00456500006839633,0,-0.09622500091791153,0.9777299761772156,0.18650899827480316,0,0.022892000153660774,-0.1851550042629242,0.9824429750442505,0,0,9.723199844360352,0,1
