<?xml version="1.0" encoding="utf-8"?>
<COLLADA xmlns="http://www.collada.org/2005/11/COLLADASchema" version="1.4.1">
  <asset>
    <contributor>
      <author>Mixamo</author>
      <authoring_tool>COLLADA Mixamo exporter</authoring_tool>
      <comments/>
    </contributor>
    <created>2022-06-13T16:43:30Z</created>
    <modified>2022-06-13T16:43:30Z</modified>
    <revision/>
    <title/>
    <unit meter="0.010000"/>
    <up_axis>Y_UP</up_axis>
  </asset>
  <library_animations>
    <animation id="mixamorig_Hips-anim" name="mixamorig_Hips">
      <source id="mixamorig_Hips-Matrix-animation-input">
        <float_array id="mixamorig_Hips-Matrix-animation-input-array" count="161">

0.000000 0.033333 0.066667 0.100000 0.133333 0.166667 0.200000 0.233333 0.266667 0.300000 0.333333 0.366667 0.400000 0.433333 0.466667 0.500000
0.533333 0.566667 0.600000 0.633333 0.666667 0.700000 0.733333 0.766667 0.800000 0.833333 0.866667 0.900000 0.933333 0.966667 1.000000 1.033333
1.066667 1.100000 1.133333 1.166667 1.200000 1.233333 1.266667 1.300000 1.333333 1.366667 1.400000 1.433333 1.466667 1.500000 1.533333 1.566667
1.600000 1.633333 1.666667 1.700000 1.733333 1.766667 1.800000 1.833333 1.866667 1.900000 1.933333 1.966667 2.000000 2.033333 2.066667 2.100000
2.133333 2.166667 2.200000 2.233333 2.266667 2.300000 2.333333 2.366667 2.400000 2.433333 2.466667 2.500000 2.533333 2.566667 2.600000 2.633333
2.666667 2.700000 2.733333 2.766667 2.800000 2.833333 2.866667 2.900000 2.933333 2.966667 3.000000 3.033333 3.066667 3.100000 3.133333 3.166667
3.200000 3.233333 3.266667 3.300000 3.333333 3.366667 3.400000 3.433333 3.466667 3.500000 3.533333 3.566667 3.600000 3.633333 3.666667 3.700000
3.733333 3.766667 3.800000 3.833333 3.866667 3.900000 3.933333 3.966667 4.000000 4.033333 4.066667 4.100000 4.133333 4.166667 4.200000 4.233333
4.266667 4.300000 4.333333 4.366667 4.400000 4.433333 4.466667 4.500000 4.533333 4.566667 4.600000 4.633333 4.666667 4.700000 4.733333 4.766667
4.800000 4.833333 4.866667 4.900000 4.933333 4.966667 5.000000 5.033333 5.066667 5.100000 5.133333 5.166667 5.200000 5.233333 5.266667 5.300000
5.333333</float_array>
        <technique_common>
          <accessor source="#mixamorig_Hips-Matrix-animation-input-array" count="161">
            <param name="TIME" type="float"/>
          </accessor>
        </technique_common>
      </source>
      <source id="mixamorig_Hips-Matrix-animation-output-transform">
        <float_array id="mixamorig_Hips-Matrix-animation-output-transform-array" count="2576">

0.997387 0.029201 -0.066075 0.083102 -0.015123 0.978795 0.204286 37.714691 0.070639 -0.202753 0.976679 -0.637491 0.000000 0.000000 0.000000 1.000000
0.997395 0.028868 -0.066101 0.077420 -0.014783 0.978776 0.204398 37.722980 0.070598 -0.202888 0.976654 -0.634279 0.000000 0.000000 0.000000 1.000000
0.997389 0.028163 -0.066502 0.073026 -0.014011 0.978793 0.204373 37.738125 0.070848 -0.202907 0.976632 -0.626626 0.000000 0.000000 0.000000 1.000000
0.997377 0.027410 -0.066993 0.068372 -0.013176 0.978816 0.204318 37.757069 0.071174 -0.202900 0.976609 -0.614515 0.000000 0.000000 0.000000 1.000000
0.997364 0.026887 -0.067402 0.061765 -0.012574 0.978808 0.204394 37.777821 0.071469 -0.203008 0.976565 -0.595482 0.000000 0.000000 0.000000 1.000000
0.997350 0.026627 -0.067706 0.053032 -0.012232 0.978743 0.204725 37.800175 0.071718 -0.203355 0.976475 -0.566760 0.000000 0.000000 0.000000 1.000000
0.997333 0.026466 -0.068015 0.044342 -0.011969 0.978625 0.205304 37.824139 0.071995 -0.203943 0.976332 -0.528808 0.000000 0.000000 0.000000 1.000000
0.997302 0.026313 -0.068536 0.038010 -0.011660 0.978482 0.206005 37.848923 0.072481 -0.204650 0.976148 -0.484795 0.000000 0.000000 0.000000 1.000000
0.997244 0.026234 -0.069395 0.033871 -0.011354 0.978339 0.206697 37.873947 0.073314 -0.205340 0.975941 -0.437735 0.000000 0.000000 0.000000 1.000000
0.997173 0.026224 -0.070421 0.029999 -0.011084 0.978209 0.207326 37.899628 0.074324 -0.205959 0.975734 -0.389909 0.000000 0.000000 0.000000 1.000000
0.997122 0.026143 -0.071164 0.025175 -0.010810 0.978101 0.207849 37.926670 0.075039 -0.206482 0.975569 -0.344088 0.000000 0.000000 0.000000 1.000000
0.997126 0.025913 -0.071186 0.019152 -0.010556 0.978037 0.208164 37.954792 0.075017 -0.206815 0.975500 -0.303790 0.000000 0.000000 0.000000 1.000000
0.997194 0.025601 -0.070346 0.011588 -0.010425 0.978041 0.208152 37.982933 0.074130 -0.206834 0.975564 -0.271843 0.000000 0.000000 0.000000 1.000000
0.997308 0.025230 -0.068846 0.001960 -0.010399 0.978115 0.207805 38.009838 0.072582 -0.206530 0.975744 -0.248808 0.000000 0.000000 0.000000 1.000000
0.997435 0.024730 -0.067173 -0.009414 -0.010295 0.978231 0.207264 38.035419 0.070836 -0.206040 0.975976 -0.232825 0.000000 0.000000 0.000000 1.000000
0.997525 0.024094 -0.066057 -0.021400 -0.009943 0.978356 0.206692 38.060471 0.069607 -0.205523 0.976174 -0.220842 0.000000 0.000000 0.000000 1.000000
0.997529 0.023473 -0.066216 -0.033403 -0.009340 0.978472 0.206167 38.085529 0.069630 -0.205040 0.976274 -0.210119 0.000000 0.000000 0.000000 1.000000
0.997433 0.023088 -0.067775 -0.045965 -0.008675 0.978580 0.205683 38.110165 0.071073 -0.204567 0.976269 -0.199449 0.000000 0.000000 0.000000 1.000000
0.997282 0.023055 -0.069973 -0.059684 -0.008229 0.978688 0.205186 38.133339 0.073212 -0.204052 0.976219 -0.189652 0.000000 0.000000 0.000000 1.000000
0.997148 0.023295 -0.071782 -0.073626 -0.008138 0.978812 0.204600 38.154514 0.075027 -0.203432 0.976210 -0.182163 0.000000 0.000000 0.000000 1.000000
0.997057 0.023557 -0.072957 -0.085390 -0.008214 0.978970 0.203841 38.174225 0.076224 -0.202642 0.976282 -0.176583 0.000000 0.000000 0.000000 1.000000
0.996958 0.023592 -0.074278 -0.092904 -0.008057 0.979175 0.202857 38.193760 0.077517 -0.201641 0.976387 -0.170488 0.000000 0.000000 0.000000 1.000000
0.996785 0.023341 -0.076645 -0.095743 -0.007428 0.979426 0.201665 38.214340 0.079775 -0.200448 0.976451 -0.162152 0.000000 0.000000 0.000000 1.000000
0.996528 0.022949 -0.080031 -0.094409 -0.006470 0.979699 0.200372 38.235516 0.083004 -0.199158 0.976446 -0.152444 0.000000 0.000000 0.000000 1.000000
0.996261 0.022595 -0.083383 -0.089110 -0.005560 0.979961 0.199109 38.254799 0.086210 -0.197901 0.976423 -0.143800 0.000000 0.000000 0.000000 1.000000
0.996091 0.022350 -0.085464 -0.080122 -0.005012 0.980204 0.197925 38.269218 0.088196 -0.196722 0.976484 -0.138384 0.000000 0.000000 0.000000 1.000000
0.996070 0.022149 -0.085758 -0.069263 -0.004863 0.980443 0.196743 38.277889 0.088439 -0.195553 0.976697 -0.137519 0.000000 0.000000 0.000000 1.000000
0.996173 0.021981 -0.084589 -0.059103 -0.005038 0.980690 0.195503 38.280323 0.087253 -0.194329 0.977048 -0.141934 0.000000 0.000000 0.000000 1.000000
0.996345 0.021908 -0.082568 -0.051352 -0.005466 0.980925 0.194311 38.275265 0.085250 -0.193150 0.977459 -0.151746 0.000000 0.000000 0.000000 1.000000
0.996549 0.022095 -0.080007 -0.046033 -0.006228 0.981105 0.193376 38.260487 0.082768 -0.192211 0.977857 -0.166469 0.000000 0.000000 0.000000 1.000000
0.996783 0.022707 -0.076859 -0.042461 -0.007487 0.981213 0.192785 38.235268 0.079792 -0.191589 0.978226 -0.185429 0.000000 0.000000 0.000000 1.000000
0.997045 0.023757 -0.073054 -0.040011 -0.009281 0.981267 0.192431 38.202324 0.076257 -0.191184 0.978588 -0.208107 0.000000 0.000000 0.000000 1.000000
0.997323 0.025092 -0.068679 -0.038065 -0.011452 0.981286 0.192215 38.165707 0.072217 -0.190914 0.978947 -0.233808 0.000000 0.000000 0.000000 1.000000
0.997605 0.026518 -0.063888 -0.036315 -0.013773 0.981254 0.192228 38.128906 0.067788 -0.190888 0.979268 -0.261290 0.000000 0.000000 0.000000 1.000000
0.997876 0.027968 -0.058837 -0.034816 -0.016142 0.981142 0.192614 38.092983 0.063115 -0.191255 0.979509 -0.289509 0.000000 0.000000 0.000000 1.000000
0.998117 0.029395 -0.053838 -0.033903 -0.018462 0.980961 0.193324 38.056587 0.058496 -0.191966 0.979657 -0.318718 0.000000 0.000000 0.000000 1.000000
0.998305 0.030667 -0.049458 -0.034232 -0.020509 0.980756 0.194157 38.017548 0.054461 -0.192814 0.979723 -0.349781 0.000000 0.000000 0.000000 1.000000
0.998425 0.031705 -0.046275 -0.036705 -0.022097 0.980544 0.195049 37.974880 0.051559 -0.193720 0.979701 -0.382019 0.000000 0.000000 0.000000 1.000000
0.998480 0.032570 -0.044471 -0.041698 -0.023241 0.980300 0.196141 37.930061 0.049984 -0.194809 0.979567 -0.412694 0.000000 0.000000 0.000000 1.000000
0.998486 0.033344 -0.043749 -0.048101 -0.024072 0.980003 0.197521 37.886665 0.049460 -0.196169 0.979322 -0.439156 0.000000 0.000000 0.000000 1.000000
0.998467 0.033991 -0.043687 -0.054178 -0.024641 0.979677 0.199063 37.847290 0.049566 -0.197681 0.979012 -0.460888 0.000000 0.000000 0.000000 1.000000
0.998430 0.034559 -0.044076 -0.058646 -0.025044 0.979356 0.200586 37.812424 0.050098 -0.199167 0.978684 -0.479190 0.000000 0.000000 0.000000 1.000000
0.998371 0.035195 -0.044918 -0.060362 -0.025422 0.979040 0.202075 37.781216 0.051089 -0.200604 0.978339 -0.495490 0.000000 0.000000 0.000000 1.000000
0.998284 0.035889 -0.046277 -0.057644 -0.025747 0.978715 0.203600 37.753399 0.052599 -0.202060 0.977960 -0.510545 0.000000 0.000000 0.000000 1.000000
0.998177 0.036408 -0.048145 -0.049321 -0.025795 0.978404 0.205084 37.729595 0.054572 -0.203468 0.977560 -0.525190 0.000000 0.000000 0.000000 1.000000
0.998066 0.036566 -0.050280 -0.035903 -0.025445 0.978161 0.206287 37.710190 0.056725 -0.204609 0.977199 -0.541191 0.000000 0.000000 0.000000 1.000000
0.997973 0.036365 -0.052216 -0.018172 -0.024805 0.978018 0.207039 37.694534 0.058597 -0.205324 0.976938 -0.560697 0.000000 0.000000 0.000000 1.000000
0.997914 0.035904 -0.053650 0.004724 -0.024036 0.977963 0.207390 37.681469 0.059913 -0.205667 0.976786 -0.584523 0.000000 0.000000 0.000000 1.000000
0.997873 0.035314 -0.054790 0.034215 -0.023214 0.977953 0.207531 37.670128 0.060911 -0.205818 0.976693 -0.611147 0.000000 0.000000 0.000000 1.000000
0.997821 0.034713 -0.056110 0.069738 -0.022346 0.977951 0.207633 37.660187 0.062081 -0.205927 0.976596 -0.637513 0.000000 0.000000 0.000000 1.000000
0.997751 0.034099 -0.057715 0.108204 -0.021403 0.977941 0.207780 37.651520 0.063527 -0.206078 0.976471 -0.660706 0.000000 0.000000 0.000000 1.000000
0.997695 0.033332 -0.059112 0.145865 -0.020347 0.977915 0.208012 37.644020 0.064740 -0.206330 0.976338 -0.679008 0.000000 0.000000 0.000000 1.000000
0.997694 0.032321 -0.059687 0.179895 -0.019214 0.977864 0.208357 37.637627 0.065101 -0.206730 0.976230 -0.692059 0.000000 0.000000 0.000000 1.000000
0.997756 0.031169 -0.059266 0.208539 -0.018144 0.977792 0.208789 37.632469 0.064457 -0.207245 0.976163 -0.700540 0.000000 0.000000 0.000000 1.000000
0.997853 0.030080 -0.058172 0.230866 -0.017277 0.977720 0.209199 37.628986 0.063168 -0.207745 0.976141 -0.705313 0.000000 0.000000 0.000000 1.000000
0.997952 0.029214 -0.056905 0.246846 -0.016676 0.977671 0.209479 37.628098 0.061754 -0.208101 0.976156 -0.706216 0.000000 0.000000 0.000000 1.000000
0.998022 0.028680 -0.055936 0.257232 -0.016347 0.977650 0.209604 37.631203 0.060697 -0.208275 0.976185 -0.701784 0.000000 0.000000 0.000000 1.000000
0.998040 0.028547 -0.055698 0.263221 -0.016268 0.977658 0.209569 37.639637 0.060436 -0.208253 0.976206 -0.690612 0.000000 0.000000 0.000000 1.000000
0.997989 0.028810 -0.056461 0.266042 -0.016383 0.977711 0.209315 37.653816 0.061233 -0.207969 0.976217 -0.672890 0.000000 0.000000 0.000000 1.000000
0.997877 0.029393 -0.058121 0.266116 -0.016641 0.977815 0.208808 37.672825 0.062969 -0.207398 0.976228 -0.650299 0.000000 0.000000 0.000000 1.000000
0.997732 0.030202 -0.060152 0.262535 -0.017052 0.977939 0.208192 37.694946 0.065112 -0.206695 0.976237 -0.624551 0.000000 0.000000 0.000000 1.000000
0.997598 0.031087 -0.061899 0.254431 -0.017588 0.978029 0.207728 37.718689 0.066997 -0.206140 0.976226 -0.596279 0.000000 0.000000 0.000000 1.000000
0.997506 0.031809 -0.063012 0.243289 -0.018077 0.978055 0.207563 37.743507 0.068232 -0.205907 0.976190 -0.565209 0.000000 0.000000 0.000000 1.000000
0.997451 0.032193 -0.063681 0.232723 -0.018313 0.978044 0.207590 37.769451 0.068966 -0.205895 0.976141 -0.531242 0.000000 0.000000 0.000000 1.000000
0.997400 0.032320 -0.064414 0.225350 -0.018290 0.978056 0.207539 37.796581 0.069709 -0.205821 0.976104 -0.495417 0.000000 0.000000 0.000000 1.000000
0.997324 0.032435 -0.065523 0.220438 -0.018198 0.978131 0.207194 37.824715 0.070810 -0.205447 0.976103 -0.459676 0.000000 0.000000 0.000000 1.000000
0.997230 0.032704 -0.066804 0.214942 -0.018247 0.978270 0.206529 37.853859 0.072107 -0.204738 0.976157 -0.425308 0.000000 0.000000 0.000000 1.000000
0.997153 0.033143 -0.067733 0.206360 -0.018551 0.978445 0.205674 37.884300 0.073089 -0.203831 0.976274 -0.391846 0.000000 0.000000 0.000000 1.000000
0.997120 0.033712 -0.067936 0.194988 -0.019136 0.978626 0.204758 37.916447 0.073387 -0.202869 0.976452 -0.358184 0.000000 0.000000 0.000000 1.000000
0.997124 0.034364 -0.067552 0.184019 -0.019926 0.978808 0.203807 37.950409 0.073124 -0.201875 0.976678 -0.324696 0.000000 0.000000 0.000000 1.000000
0.997125 0.035008 -0.067199 0.177254 -0.020708 0.979010 0.202757 37.984711 0.072887 -0.200782 0.976921 -0.293329 0.000000 0.000000 0.000000 1.000000
0.997083 0.035552 -0.067534 0.176469 -0.021263 0.979243 0.201572 38.017231 0.073299 -0.199548 0.977143 -0.265496 0.000000 0.000000 0.000000 1.000000
0.996987 0.035952 -0.068733 0.180501 -0.021511 0.979493 0.200328 38.046345 0.074525 -0.198246 0.977315 -0.240971 0.000000 0.000000 0.000000 1.000000
0.996866 0.036205 -0.070343 0.187109 -0.021528 0.979728 0.199173 38.071632 0.076128 -0.197034 0.977437 -0.219234 0.000000 0.000000 0.000000 1.000000
0.996766 0.036279 -0.071701 0.195510 -0.021410 0.979930 0.198189 38.093487 0.077452 -0.196013 0.977538 -0.200799 0.000000 0.000000 0.000000 1.000000
0.996712 0.036103 -0.072532 0.206811 -0.021143 0.980111 0.197323 38.112373 0.078213 -0.195141 0.977652 -0.186631 0.000000 0.000000 0.000000 1.000000
0.996681 0.035642 -0.073187 0.222192 -0.020630 0.980297 0.196451 38.128662 0.078747 -0.194289 0.977778 -0.176905 0.000000 0.000000 0.000000 1.000000
0.996626 0.034973 -0.074255 0.241237 -0.019840 0.980500 0.195515 38.142746 0.079645 -0.193382 0.977886 -0.170613 0.000000 0.000000 0.000000 1.000000
0.996523 0.034256 -0.075953 0.262125 -0.018882 0.980704 0.194586 38.155094 0.081153 -0.192475 0.977940 -0.166108 0.000000 0.000000 0.000000 1.000000
0.996390 0.033601 -0.077964 0.283143 -0.017914 0.980879 0.193792 38.166222 0.082985 -0.191696 0.977940 -0.162149 0.000000 0.000000 0.000000 1.000000
0.996262 0.032993 -0.079828 0.303821 -0.017008 0.981013 0.193192 38.176487 0.084687 -0.191113 0.977908 -0.158899 0.000000 0.000000 0.000000 1.000000
0.996165 0.032336 -0.081300 0.324758 -0.016118 0.981117 0.192742 38.185448 0.085997 -0.190692 0.977876 -0.158012 0.000000 0.000000 0.000000 1.000000
0.996109 0.031547 -0.082288 0.346364 -0.015185 0.981207 0.192358 38.191326 0.086810 -0.190360 0.977869 -0.161660 0.000000 0.000000 0.000000 1.000000
0.996106 0.030623 -0.082677 0.367710 -0.014233 0.981293 0.191993 38.191799 0.087009 -0.190069 0.977908 -0.171379 0.000000 0.000000 0.000000 1.000000
0.996163 0.029633 -0.082342 0.386582 -0.013351 0.981371 0.191656 38.185238 0.086488 -0.189821 0.978002 -0.187444 0.000000 0.000000 0.000000 1.000000
0.996282 0.028665 -0.081244 0.400704 -0.012630 0.981432 0.191394 38.171700 0.085222 -0.189656 0.978145 -0.208816 0.000000 0.000000 0.000000 1.000000
0.996448 0.027802 -0.079483 0.408867 -0.012129 0.981467 0.191250 38.152412 0.083327 -0.189606 0.978318 -0.233577 0.000000 0.000000 0.000000 1.000000
0.996635 0.027150 -0.077344 0.411192 -0.011898 0.981477 0.191208 38.128910 0.081103 -0.189644 0.978498 -0.259713 0.000000 0.000000 0.000000 1.000000
0.996808 0.026813 -0.075193 0.408581 -0.011978 0.981478 0.191200 38.102547 0.078927 -0.189689 0.978667 -0.285777 0.000000 0.000000 0.000000 1.000000
0.996963 0.026805 -0.073125 0.401690 -0.012363 0.981471 0.191213 38.074589 0.076895 -0.189728 0.978821 -0.310898 0.000000 0.000000 0.000000 1.000000
0.997127 0.027044 -0.070753 0.390179 -0.013038 0.981428 0.191390 38.046127 0.074615 -0.189917 0.978961 -0.334248 0.000000 0.000000 0.000000 1.000000
0.997335 0.027490 -0.067579 0.373208 -0.014041 0.981302 0.191961 38.017635 0.071593 -0.190501 0.979073 -0.354725 0.000000 0.000000 0.000000 1.000000
0.997574 0.028205 -0.063651 0.351195 -0.015422 0.981072 0.193031 37.988541 0.067890 -0.191581 0.979126 -0.371455 0.000000 0.000000 0.000000 1.000000
0.997785 0.029214 -0.059762 0.326809 -0.017066 0.980756 0.194491 37.957832 0.064294 -0.193041 0.979082 -0.384646 0.000000 0.000000 0.000000 1.000000
0.997916 0.030360 -0.056946 0.303755 -0.018632 0.980392 0.196176 37.924801 0.061786 -0.194706 0.978914 -0.395470 0.000000 0.000000 0.000000 1.000000
0.997951 0.031354 -0.055773 0.284288 -0.019725 0.980005 0.197995 37.889603 0.060866 -0.196489 0.978615 -0.405078 0.000000 0.000000 0.000000 1.000000
0.997913 0.032092 -0.056030 0.268139 -0.020282 0.979616 0.199853 37.853947 0.061301 -0.198299 0.978223 -0.414418 0.000000 0.000000 0.000000 1.000000
0.997842 0.032716 -0.056936 0.253314 -0.020607 0.979262 0.201548 37.819504 0.062349 -0.199940 0.977822 -0.425013 0.000000 0.000000 0.000000 1.000000
0.997777 0.033391 -0.057679 0.238502 -0.021032 0.978971 0.202910 37.786564 0.063241 -0.201246 0.977497 -0.438836 0.000000 0.000000 0.000000 1.000000
0.997739 0.034056 -0.057942 0.224726 -0.021562 0.978738 0.203977 37.754173 0.063657 -0.202267 0.977259 -0.456792 0.000000 0.000000 0.000000 1.000000
0.997718 0.034509 -0.058041 0.214320 -0.021924 0.978529 0.204938 37.721645 0.063867 -0.203198 0.977053 -0.477651 0.000000 0.000000 0.000000 1.000000
0.997685 0.034669 -0.058503 0.208428 -0.021921 0.978321 0.205929 37.689556 0.064374 -0.204170 0.976817 -0.498833 0.000000 0.000000 0.000000 1.000000
0.997626 0.034666 -0.059511 0.206362 -0.021640 0.978104 0.206989 37.659306 0.065384 -0.205210 0.976532 -0.517828 0.000000 0.000000 0.000000 1.000000
0.997548 0.034680 -0.060785 0.207292 -0.021312 0.977863 0.208156 37.631691 0.066659 -0.206350 0.976205 -0.532924 0.000000 0.000000 0.000000 1.000000
0.997476 0.034785 -0.061903 0.211507 -0.021093 0.977591 0.209455 37.606701 0.067802 -0.207620 0.975857 -0.543694 0.000000 0.000000 0.000000 1.000000
0.997430 0.034869 -0.062595 0.219354 -0.020939 0.977313 0.210762 37.584282 0.068524 -0.208910 0.975531 -0.551595 0.000000 0.000000 0.000000 1.000000
0.997425 0.034692 -0.062763 0.230008 -0.020656 0.977090 0.211824 37.564697 0.068673 -0.209982 0.975290 -0.559261 0.000000 0.000000 0.000000 1.000000
0.997472 0.034107 -0.062348 0.242154 -0.020124 0.976956 0.212490 37.548347 0.068159 -0.210698 0.975172 -0.568188 0.000000 0.000000 0.000000 1.000000
0.997567 0.033191 -0.061304 0.255252 -0.019421 0.976887 0.212871 37.535351 0.066953 -0.211162 0.975155 -0.577386 0.000000 0.000000 0.000000 1.000000
0.997698 0.032133 -0.059723 0.268928 -0.018699 0.976830 0.213198 37.525894 0.065190 -0.211591 0.975182 -0.584685 0.000000 0.000000 0.000000 1.000000
0.997838 0.031096 -0.057892 0.281350 -0.018048 0.976760 0.213573 37.520515 0.063188 -0.212067 0.975210 -0.588769 0.000000 0.000000 0.000000 1.000000
0.997970 0.030213 -0.056065 0.289427 -0.017552 0.976695 0.213915 37.519466 0.061221 -0.212497 0.975242 -0.589270 0.000000 0.000000 0.000000 1.000000
0.998090 0.029628 -0.054202 0.291344 -0.017362 0.976648 0.214143 37.522442 0.059281 -0.212793 0.975297 -0.585425 0.000000 0.000000 0.000000 1.000000
0.998206 0.029401 -0.052164 0.288272 -0.017565 0.976606 0.214316 37.528965 0.057244 -0.213015 0.975371 -0.575828 0.000000 0.000000 0.000000 1.000000
0.998306 0.029459 -0.050177 0.283075 -0.018034 0.976548 0.214543 37.538960 0.055321 -0.213275 0.975425 -0.560077 0.000000 0.000000 0.000000 1.000000
0.998362 0.029680 -0.048922 0.277696 -0.018504 0.976483 0.214799 37.552956 0.054146 -0.213542 0.975432 -0.540344 0.000000 0.000000 0.000000 1.000000
0.998348 0.029956 -0.049038 0.271914 -0.018745 0.976460 0.214882 37.571545 0.054321 -0.213608 0.975408 -0.520550 0.000000 0.000000 0.000000 1.000000
0.998266 0.030214 -0.050524 0.264051 -0.018696 0.976526 0.214588 37.594810 0.055821 -0.213271 0.975397 -0.503600 0.000000 0.000000 0.000000 1.000000
0.998155 0.030447 -0.052535 0.252422 -0.018535 0.976682 0.213892 37.622124 0.057823 -0.212523 0.975444 -0.489628 0.000000 0.000000 0.000000 1.000000
0.998075 0.030732 -0.053877 0.236635 -0.018586 0.976892 0.212925 37.652252 0.059176 -0.211514 0.975582 -0.477136 0.000000 0.000000 0.000000 1.000000
0.998060 0.031096 -0.053931 0.218035 -0.018999 0.977126 0.211810 37.683918 0.059284 -0.210374 0.975822 -0.465503 0.000000 0.000000 0.000000 1.000000
0.998089 0.031400 -0.053222 0.198802 -0.019520 0.977383 0.210573 37.716156 0.058630 -0.209132 0.976128 -0.455869 0.000000 0.000000 0.000000 1.000000
0.998100 0.031483 -0.052971 0.180139 -0.019736 0.977671 0.209214 37.748589 0.058375 -0.207771 0.976434 -0.449464 0.000000 0.000000 0.000000 1.000000
0.998043 0.031449 -0.054055 0.161284 -0.019564 0.977980 0.207782 37.781139 0.059399 -0.206317 0.976681 -0.445536 0.000000 0.000000 0.000000 1.000000
0.997907 0.031621 -0.056414 0.140692 -0.019333 0.978285 0.206361 37.813911 0.061714 -0.204839 0.976848 -0.441351 0.000000 0.000000 0.000000 1.000000
0.997717 0.032177 -0.059384 0.118374 -0.019357 0.978568 0.205012 37.847397 0.064707 -0.203394 0.976956 -0.434149 0.000000 0.000000 0.000000 1.000000
0.997511 0.032954 -0.062340 0.096727 -0.019604 0.978828 0.203742 37.882210 0.067734 -0.202013 0.977038 -0.422883 0.000000 0.000000 0.000000 1.000000
0.997321 0.033643 -0.064959 0.078857 -0.019838 0.979080 0.202505 37.918365 0.070413 -0.200674 0.977124 -0.408339 0.000000 0.000000 0.000000 1.000000
0.997167 0.034054 -0.067063 0.066233 -0.019912 0.979343 0.201221 37.954628 0.072530 -0.199316 0.977248 -0.392052 0.000000 0.000000 0.000000 1.000000
0.997065 0.034209 -0.068498 0.058221 -0.019882 0.979625 0.199848 37.989674 0.073939 -0.197899 0.977430 -0.375251 0.000000 0.000000 0.000000 1.000000
0.997014 0.034231 -0.069223 0.053238 -0.019866 0.979911 0.198444 38.022499 0.074625 -0.196476 0.977665 -0.358593 0.000000 0.000000 0.000000 1.000000
0.997002 0.034207 -0.069404 0.050324 -0.019908 0.980178 0.197114 38.053215 0.074771 -0.195141 0.977921 -0.342417 0.000000 0.000000 0.000000 1.000000
0.997011 0.034034 -0.069361 0.049668 -0.019839 0.980423 0.195899 38.082355 0.074671 -0.193937 0.978168 -0.327050 0.000000 0.000000 0.000000 1.000000
0.997028 0.033459 -0.069394 0.052355 -0.019355 0.980663 0.194746 38.110043 0.074568 -0.192824 0.978396 -0.313062 0.000000 0.000000 0.000000 1.000000
0.997047 0.032378 -0.069630 0.059563 -0.018335 0.980913 0.193582 38.135777 0.074569 -0.191734 0.978610 -0.301233 0.000000 0.000000 0.000000 1.000000
0.997064 0.031073 -0.069986 0.071146 -0.017070 0.981162 0.192433 38.158657 0.074647 -0.190673 0.978811 -0.291929 0.000000 0.000000 0.000000 1.000000
0.997078 0.029994 -0.070254 0.084983 -0.016033 0.981376 0.191428 38.178181 0.074687 -0.189742 0.978989 -0.284416 0.000000 0.000000 0.000000 1.000000
0.997100 0.029328 -0.070231 0.098471 -0.015438 0.981527 0.190700 38.194286 0.074526 -0.189062 0.979133 -0.277246 0.000000 0.000000 0.000000 1.000000
0.997140 0.028867 -0.069847 0.110645 -0.015089 0.981614 0.190278 38.206955 0.074056 -0.188680 0.979242 -0.269854 0.000000 0.000000 0.000000 1.000000
0.997197 0.028300 -0.069260 0.122051 -0.014656 0.981655 0.190100 38.215210 0.073369 -0.188552 0.979319 -0.263796 0.000000 0.000000 0.000000 1.000000
0.997253 0.027524 -0.068773 0.132793 -0.013985 0.981668 0.190086 38.216938 0.072744 -0.188602 0.979356 -0.262091 0.000000 0.000000 0.000000 1.000000
0.997290 0.026659 -0.068575 0.141799 -0.013163 0.981657 0.190200 38.209690 0.072387 -0.188781 0.979348 -0.267265 0.000000 0.000000 0.000000 1.000000
0.997311 0.025899 -0.068553 0.148012 -0.012401 0.981619 0.190447 38.192070 0.072226 -0.189085 0.979301 -0.279925 0.000000 0.000000 0.000000 1.000000
0.997329 0.025388 -0.068492 0.151143 -0.011881 0.981551 0.190831 38.164978 0.072073 -0.189508 0.979230 -0.298682 0.000000 0.000000 0.000000 1.000000
0.997340 0.025180 -0.068403 0.151001 -0.011659 0.981463 0.191294 38.131878 0.071952 -0.189988 0.979146 -0.321037 0.000000 0.000000 0.000000 1.000000
0.997332 0.025222 -0.068500 0.147466 -0.011647 0.981371 0.191770 38.096851 0.072061 -0.190460 0.979047 -0.344723 0.000000 0.000000 0.000000 1.000000
0.997307 0.025402 -0.068799 0.141765 -0.011727 0.981264 0.192309 38.062122 0.072395 -0.190984 0.978920 -0.368815 0.000000 0.000000 0.000000 1.000000
0.997293 0.025651 -0.068914 0.136376 -0.011893 0.981110 0.193084 38.027344 0.072565 -0.191742 0.978759 -0.393672 0.000000 0.000000 0.000000 1.000000
0.997324 0.026019 -0.068326 0.132748 -0.012285 0.980885 0.194199 37.991455 0.072073 -0.192840 0.978580 -0.419503 0.000000 0.000000 0.000000 1.000000
0.997409 0.026629 -0.066835 0.129955 -0.013076 0.980605 0.195557 37.954422 0.070746 -0.194176 0.978412 -0.445303 0.000000 0.000000 0.000000 1.000000
0.997520 0.027480 -0.064801 0.126253 -0.014210 0.980306 0.196972 37.917446 0.068938 -0.195562 0.978265 -0.469582 0.000000 0.000000 0.000000 1.000000
0.997609 0.028305 -0.063044 0.121221 -0.015272 0.980014 0.198343 37.882019 0.067398 -0.196906 0.978103 -0.491905 0.000000 0.000000 0.000000 1.000000
0.997641 0.028780 -0.062329 0.116231 -0.015792 0.979744 0.199629 37.849907 0.066812 -0.198174 0.977887 -0.513427 0.000000 0.000000 0.000000 1.000000
0.997609 0.028792 -0.062826 0.112944 -0.015628 0.979522 0.200732 37.821617 0.067319 -0.199270 0.977630 -0.535877 0.000000 0.000000 0.000000 1.000000
0.997536 0.028486 -0.064115 0.111924 -0.015014 0.979366 0.201538 37.796223 0.068533 -0.200079 0.977380 -0.559722 0.000000 0.000000 0.000000 1.000000
0.997446 0.028109 -0.065668 0.112034 -0.014291 0.979263 0.202089 37.772724 0.069987 -0.200635 0.977163 -0.583057 0.000000 0.000000 0.000000 1.000000
0.997362 0.027898 -0.067018 0.110871 -0.013778 0.979172 0.202563 37.751595 0.071274 -0.201105 0.976973 -0.602873 0.000000 0.000000 0.000000 1.000000
0.997315 0.028044 -0.067647 0.106506 -0.013756 0.979067 0.203072 37.734341 0.071926 -0.201596 0.976824 -0.617715 0.000000 0.000000 0.000000 1.000000
0.997322 0.028521 -0.067350 0.099109 -0.014248 0.978954 0.203581 37.721832 0.071739 -0.202076 0.976739 -0.628272 0.000000 0.000000 0.000000 1.000000
0.997358 0.029032 -0.066590 0.090640 -0.014873 0.978857 0.204006 37.714748 0.071105 -0.202477 0.976702 -0.635088 0.000000 0.000000 0.000000 1.000000
0.997387 0.029198 -0.066079 0.083076 -0.015120 0.978795 0.204285 37.714787 0.070643 -0.202752 0.976679 -0.637420 0.000000 0.000000 0.000000 1.000000</float_array>
        <technique_common>
          <accessor source="#mixamorig_Hips-Matrix-animation-output-transform-array" count="161" stride="16">
            <param type="float4x4"/>
          </accessor>
        </technique_common>
      </source>
      <source id="mixamorig_Hips-Interpolations">
        <Name_array id="mixamorig_Hips-Interpolations-array" count="161">
 LINEAR LINEAR LINEAR LINEAR LINEAR LINEAR LINEAR LINEAR LINEAR LINEAR LINEAR
LINEAR LINEAR LINEAR LINEAR LINEAR LINEAR LINEAR LINEAR LINEAR LINEAR LINEAR LINEAR
LINEAR LINEAR LINEAR LINEAR LINEAR LINEAR LINEAR LINEAR LINEAR LINEAR LINEAR LINEAR
LINEAR LINEAR LINEAR LINEAR LINEAR LINEAR LINEAR LINEAR LINEAR LINEAR LINEAR LINEAR
LINEAR LINEAR LINEAR LINEAR LINEAR LINEAR LINEAR LINEAR LINEAR LINEAR LINEAR LINEAR
LINEAR LINEAR LINEAR LINEAR LINEAR LINEAR LINEAR LINEAR LINEAR LINEAR LINEAR LINEAR
LINEAR LINEAR LINEAR LINEAR LINEAR LINEAR LINEAR LINEAR LINEAR LINEAR LINEAR LINEAR
LINEAR LINEAR LINEAR LINEAR LINEAR LINEAR LINEAR LINEAR LINEAR LINEAR LINEAR LINEAR
LINEAR LINEAR LINEAR LINEAR LINEAR LINEAR LINEAR LINEAR LINEAR LINEAR LINEAR LINEAR
LINEAR LINEAR LINEAR LINEAR LINEAR LINEAR LINEAR LINEAR LINEAR LINEAR LINEAR LINEAR
LINEAR LINEAR LINEAR LINEAR LINEAR LINEAR LINEAR LINEAR LINEAR LINEAR LINEAR LINEAR
LINEAR LINEAR LINEAR LINEAR LINEAR LINEAR LINEAR LINEAR LINEAR LINEAR LINEAR LINEAR
LINEAR LINEAR LINEAR LINEAR LINEAR LINEAR LINEAR LINEAR LINEAR LINEAR LINEAR LINEAR
LINEAR LINEAR LINEAR LINEAR LINEAR LINEAR</Name_array>
        <technique_common>
          <accessor source="#mixamorig_Hips-Interpolations-array" count="161">
            <param type="name"/>
          </accessor>
        </technique_common>
      </source>
      <sampler id="mixamorig_Hips-Matrix-animation-transform">
        <input semantic="INPUT" source="#mixamorig_Hips-Matrix-animation-input"/>
        <input semantic="OUTPUT" source="#mixamorig_Hips-Matrix-animation-output-transform"/>
        <input semantic="INTERPOLATION" source="#mixamorig_Hips-Interpolations"/>
      </sampler>
      <channel source="#mixamorig_Hips-Matrix-animation-transform" target="mixamorig_Hips/matrix"/>
    </animation>
    <animation id="mixamorig_Spine-anim" name="mixamorig_Spine">
      <source id="mixamorig_Spine-Matrix-animation-input">
        <float_array id="mixamorig_Spine-Matrix-animation-input-array" count="161">

0.000000 0.033333 0.066667 0.100000 0.133333 0.166667 0.200000 0.233333 0.266667 0.300000 0.333333 0.366667 0.400000 0.433333 0.466667 0.500000
0.533333 0.566667 0.600000 0.633333 0.666667 0.700000 0.733333 0.766667 0.800000 0.833333 0.866667 0.900000 0.933333 0.966667 1.000000 1.033333
1.066667 1.100000 1.133333 1.166667 1.200000 1.233333 1.266667 1.300000 1.333333 1.366667 1.400000 1.433333 1.466667 1.500000 1.533333 1.566667
1.600000 1.633333 1.666667 1.700000 1.733333 1.766667 1.800000 1.833333 1.866667 1.900000 1.933333 1.966667 2.000000 2.033333 2.066667 2.100000
2.133333 2.166667 2.200000 2.233333 2.266667 2.300000 2.333333 2.366667 2.400000 2.433333 2.466667 2.500000 2.533333 2.566667 2.600000 2.633333
2.666667 2.700000 2.733333 2.766667 2.800000 2.833333 2.866667 2.900000 2.933333 2.966667 3.000000 3.033333 3.066667 3.100000 3.133333 3.166667
3.200000 3.233333 3.266667 3.300000 3.333333 3.366667 3.400000 3.433333 3.466667 3.500000 3.533333 3.566667 3.600000 3.633333 3.666667 3.700000
3.733333 3.766667 3.800000 3.833333 3.866667 3.900000 3.933333 3.966667 4.000000 4.033333 4.066667 4.100000 4.133333 4.166667 4.200000 4.233333
4.266667 4.300000 4.333333 4.366667 4.400000 4.433333 4.466667 4.500000 4.533333 4.566667 4.600000 4.633333 4.666667 4.700000 4.733333 4.766667
4.800000 4.833333 4.866667 4.900000 4.933333 4.966667 5.000000 5.033333 5.066667 5.100000 5.133333 5.166667 5.200000 5.233333 5.266667 5.300000
5.333333</float_array>
        <technique_common>
          <accessor source="#mixamorig_Spine-Matrix-animation-input-array" count="161">
            <param name="TIME" type="float"/>
          </accessor>
        </technique_common>
      </source>
      <source id="mixamorig_Spine-Matrix-animation-output-transform">
        <float_array id="mixamorig_Spine-Matrix-animation-output-transform-array" count="2576">

0.999603 -0.020508 0.019326 0.000000 0.018265 0.993783 0.109828 3.517000 -0.021458 -0.109431 0.993763 -0.703900 0.000000 0.000000 0.000000 1.000000
0.999581 -0.020382 0.020571 0.000000 0.018009 0.993813 0.109600 3.517000 -0.022677 -0.109184 0.993763 -0.703900 0.000000 0.000000 0.000000 1.000000
0.999552 -0.019939 0.022299 0.000000 0.017383 0.993840 0.109457 3.517000 -0.024344 -0.109020 0.993741 -0.703900 0.000000 0.000000 0.000000 1.000000
0.999523 -0.019387 0.024045 0.000000 0.016641 0.993844 0.109533 3.517000 -0.026020 -0.109080 0.993692 -0.703900 0.000000 0.000000 0.000000 1.000000
0.999504 -0.018825 0.025239 0.000000 0.015938 0.993798 0.110048 3.517000 -0.027154 -0.109591 0.993606 -0.703900 0.000000 0.000000 0.000000 1.000000
0.999505 -0.018273 0.025606 -0.000000 0.015320 0.993687 0.111141 3.517000 -0.027476 -0.110693 0.993475 -0.703900 0.000000 0.000000 0.000000 1.000000
0.999520 -0.017819 0.025359 0.000000 0.014851 0.993512 0.112750 3.517000 -0.027203 -0.112319 0.993300 -0.703900 0.000000 0.000000 0.000000 1.000000
0.999531 -0.017651 0.025016 0.000000 0.014669 0.993288 0.114733 3.517000 -0.026873 -0.114312 0.993081 -0.703900 0.000000 0.000000 0.000000 1.000000
0.999526 -0.017912 0.025049 0.000000 0.014863 0.993023 0.116981 3.517000 -0.026969 -0.116553 0.992818 -0.703900 0.000000 0.000000 0.000000 1.000000
0.999501 -0.018526 0.025580 0.000000 0.015345 0.992730 0.119378 3.517000 -0.027606 -0.118926 0.992519 -0.703900 0.000000 0.000000 0.000000 1.000000
0.999469 -0.019250 0.026296 0.000000 0.015911 0.992433 0.121753 3.517000 -0.028441 -0.121270 0.992212 -0.703900 0.000000 0.000000 0.000000 1.000000
0.999446 -0.019832 0.026710 0.000000 0.016374 0.992153 0.123953 3.517000 -0.028959 -0.123447 0.991929 -0.703900 0.000000 0.000000 0.000000 1.000000
0.999446 -0.020119 0.026526 0.000000 0.016625 0.991902 0.125917 3.517000 -0.028845 -0.125406 0.991686 -0.703900 0.000000 0.000000 0.000000 1.000000
0.999467 -0.020035 0.025792 0.000000 0.016584 0.991680 0.127654 3.517000 -0.028135 -0.127158 0.991483 -0.703900 0.000000 0.000000 0.000000 1.000000
0.999501 -0.019569 0.024812 0.000000 0.016205 0.991488 0.129184 3.517000 -0.027129 -0.128717 0.991310 -0.703900 0.000000 0.000000 0.000000 1.000000
0.999536 -0.018773 0.023998 0.000000 0.015485 0.991324 0.130522 3.517000 -0.026240 -0.130090 0.991155 -0.703900 0.000000 0.000000 0.000000 1.000000
0.999562 -0.017737 0.023706 -0.000000 0.014465 0.991185 0.131690 3.517000 -0.025833 -0.131289 0.991007 -0.703900 0.000000 0.000000 0.000000 1.000000
0.999574 -0.016591 0.024013 0.000000 0.013262 0.991068 0.132695 3.517000 -0.026000 -0.132320 0.990866 -0.703900 0.000000 0.000000 0.000000 1.000000
0.999577 -0.015508 0.024601 0.000000 0.012088 0.990972 0.133520 3.517000 -0.026449 -0.133166 0.990741 -0.703900 0.000000 0.000000 0.000000 1.000000
0.999581 -0.014629 0.024993 0.000000 0.011147 0.990894 0.134183 3.517000 -0.026728 -0.133848 0.990641 -0.703900 0.000000 0.000000 0.000000 1.000000
0.999590 -0.013942 0.025002 0.000000 0.010448 0.990819 0.134794 3.517000 -0.026652 -0.134478 0.990558 -0.703900 0.000000 0.000000 0.000000 1.000000
0.999602 -0.013284 0.024891 0.000000 0.009792 0.990729 0.135497 3.517000 -0.026460 -0.135199 0.990465 -0.703900 0.000000 0.000000 0.000000 1.000000
0.999608 -0.012521 0.025037 -0.000000 0.008994 0.990621 0.136342 3.517000 -0.026509 -0.136064 0.990345 -0.703900 0.000000 0.000000 0.000000 1.000000
0.999605 -0.011708 0.025546 0.000000 0.008095 0.990507 0.137225 3.517000 -0.026910 -0.136964 0.990210 -0.703900 0.000000 0.000000 0.000000 1.000000
0.999596 -0.011035 0.026197 0.000000 0.007318 0.990410 0.137966 3.517000 -0.027468 -0.137719 0.990090 -0.703900 0.000000 0.000000 0.000000 1.000000
0.999588 -0.010656 0.026658 -0.000000 0.006865 0.990346 0.138448 3.517000 -0.027876 -0.138208 0.990011 -0.703900 0.000000 0.000000 0.000000 1.000000
0.999586 -0.010524 0.026762 0.000000 0.006715 0.990319 0.138646 3.517000 -0.027962 -0.138409 0.989980 -0.703900 0.000000 0.000000 0.000000 1.000000
0.999591 -0.010509 0.026584 0.000000 0.006726 0.990330 0.138568 3.517000 -0.027784 -0.138332 0.989996 -0.703900 0.000000 0.000000 0.000000 1.000000
0.999598 -0.010472 0.026364 -0.000000 0.006730 0.990381 0.138200 3.517000 -0.027558 -0.137967 0.990053 -0.703900 0.000000 0.000000 0.000000 1.000000
0.999601 -0.010419 0.026266 0.000000 0.006709 0.990471 0.137556 3.517000 -0.027449 -0.137325 0.990146 -0.703900 0.000000 0.000000 0.000000 1.000000
0.999600 -0.010512 0.026255 -0.000000 0.006826 0.990587 0.136714 3.517000 -0.027445 -0.136480 0.990263 -0.703900 0.000000 0.000000 0.000000 1.000000
0.999597 -0.010943 0.026201 0.000000 0.007287 0.990715 0.135759 3.517000 -0.027443 -0.135513 0.990395 -0.703900 0.000000 0.000000 0.000000 1.000000
0.999591 -0.011832 0.026053 0.000000 0.008219 0.990858 0.134660 3.517000 -0.027409 -0.134391 0.990549 -0.703900 0.000000 0.000000 0.000000 1.000000
0.999578 -0.013188 0.025884 -0.000000 0.009624 0.991035 0.133258 3.517000 -0.027409 -0.132953 0.990743 -0.703900 0.000000 0.000000 0.000000 1.000000
0.999557 -0.014942 0.025734 0.000000 0.011435 0.991261 0.131422 3.517000 -0.027472 -0.131069 0.990992 -0.703900 0.000000 0.000000 0.000000 1.000000
0.999531 -0.016873 0.025564 0.000000 0.013433 0.991526 0.129209 3.517000 -0.027528 -0.128805 0.991288 -0.703900 0.000000 0.000000 0.000000 1.000000
0.999505 -0.018591 0.025360 0.000000 0.015229 0.991807 0.126833 3.517000 -0.027510 -0.126384 0.991600 -0.703900 0.000000 0.000000 0.000000 1.000000
0.999488 -0.019775 0.025168 0.000000 0.016494 0.992087 0.124467 3.517000 -0.027430 -0.123988 0.991905 -0.703900 0.000000 0.000000 0.000000 1.000000
0.999480 -0.020390 0.024988 -0.000000 0.017191 0.992364 0.122139 3.517000 -0.027288 -0.121645 0.992198 -0.703900 0.000000 0.000000 0.000000 1.000000
0.999481 -0.020652 0.024739 0.000000 0.017545 0.992641 0.119818 3.517000 -0.027031 -0.119322 0.992488 -0.703900 0.000000 0.000000 0.000000 1.000000
0.999487 -0.020778 0.024391 0.000000 0.017773 0.992909 0.117537 3.517000 -0.026660 -0.117043 0.992769 -0.703900 0.000000 0.000000 0.000000 1.000000
0.999492 -0.020919 0.024025 0.000000 0.018014 0.993159 0.115369 3.517000 -0.026274 -0.114878 0.993032 -0.703900 0.000000 0.000000 0.000000 1.000000
0.999495 -0.021148 0.023710 0.000000 0.018330 0.993387 0.113341 3.517000 -0.025950 -0.112849 0.993273 -0.703900 0.000000 0.000000 0.000000 1.000000
0.999497 -0.021385 0.023408 0.000000 0.018650 0.993599 0.111416 3.517000 -0.025641 -0.110923 0.993498 -0.703900 0.000000 0.000000 0.000000 1.000000
0.999506 -0.021414 0.022994 0.000000 0.018770 0.993800 0.109588 3.517000 -0.025199 -0.109102 0.993711 -0.703900 0.000000 0.000000 0.000000 1.000000
0.999528 -0.021083 0.022353 0.000000 0.018554 0.993990 0.107883 3.517000 -0.024493 -0.107418 0.993912 -0.703900 0.000000 0.000000 0.000000 1.000000
0.999559 -0.020503 0.021487 0.000000 0.018108 0.994170 0.106293 3.517000 -0.023542 -0.105857 0.994103 -0.703900 0.000000 0.000000 0.000000 1.000000
0.999588 -0.020000 0.020592 0.000000 0.017737 0.994341 0.104748 3.517000 -0.022571 -0.104339 0.994286 -0.703900 0.000000 0.000000 0.000000 1.000000
0.999603 -0.019848 0.019975 0.000000 0.017684 0.994503 0.103204 3.517000 -0.021913 -0.102810 0.994460 -0.703900 0.000000 0.000000 0.000000 1.000000
0.999603 -0.020031 0.019836 0.000000 0.017914 0.994654 0.101699 3.517000 -0.021767 -0.101303 0.994617 -0.703900 0.000000 0.000000 0.000000 1.000000
0.999592 -0.020267 0.020114 0.000000 0.018151 0.994791 0.100309 3.517000 -0.022042 -0.099903 0.994753 -0.703900 0.000000 0.000000 0.000000 1.000000
0.999583 -0.020282 0.020555 0.000000 0.018150 0.994914 0.099077 3.517000 -0.022460 -0.098663 0.994867 -0.703900 0.000000 0.000000 0.000000 1.000000
0.999580 -0.020043 0.020951 0.000000 0.017898 0.995026 0.097998 3.517000 -0.022811 -0.097582 0.994966 -0.703900 0.000000 0.000000 0.000000 1.000000
0.999580 -0.019689 0.021266 0.000000 0.017536 0.995123 0.097072 3.517000 -0.023074 -0.096658 0.995050 -0.703900 0.000000 0.000000 0.000000 1.000000
0.999581 -0.019321 0.021545 0.000000 0.017159 0.995197 0.096374 3.517000 -0.023304 -0.095964 0.995112 -0.703900 0.000000 0.000000 0.000000 1.000000
0.999583 -0.018942 0.021791 -0.000000 0.016765 0.995233 0.096076 3.517000 -0.023507 -0.095671 0.995135 -0.703900 0.000000 0.000000 0.000000 1.000000
0.999585 -0.018563 0.022042 0.000000 0.016356 0.995207 0.096417 3.517000 -0.023727 -0.096017 0.995097 -0.703900 0.000000 0.000000 0.000000 1.000000
0.999579 -0.018269 0.022527 -0.000000 0.015988 0.995096 0.097608 3.517000 -0.024200 -0.097207 0.994970 -0.703900 0.000000 0.000000 0.000000 1.000000
0.999557 -0.018140 0.023591 -0.000000 0.015704 0.994898 0.099651 3.517000 -0.025278 -0.099237 0.994743 -0.703900 0.000000 0.000000 0.000000 1.000000
0.999515 -0.018145 0.025317 -0.000000 0.015468 0.994641 0.102227 3.517000 -0.027036 -0.101786 0.994439 -0.703900 0.000000 0.000000 0.000000 1.000000
0.999464 -0.018139 0.027251 0.000000 0.015187 0.994372 0.104849 3.517000 -0.029000 -0.104379 0.994115 -0.703900 0.000000 0.000000 0.000000 1.000000
0.999427 -0.017963 0.028674 0.000000 0.014792 0.994127 0.107201 3.517000 -0.030431 -0.106715 0.993824 -0.703900 0.000000 0.000000 0.000000 1.000000
