0.567,30,17,33
B0,mixamorig_Hips,-1,0.9899635314941406,-0.04721919074654579,0.11268053948879242,0,0.021726908162236214,0.9743263125419617,0.21665440499782562,0,-0.12047448754310608,-0.21036839485168457,0.9692542552947998,0,-0.12794338166713715,34.58696746826172,3.227778911590576,1
B1,mixamorig_Spine,0,0.9891444444656372,0.10353515297174454,-0.08908368647098541,0,-0.11143870651721954,0.9883232116699219,-0.08853822201490402,0,0.07879801094532013,0.09791692346334457,0.9920510649681091,0,0,3.5169599056243896,-0.703885018825531,1
B2,mixamorig_Spine1,1,0.9989945888519287,0.0016421942273154855,-0.04358435422182083,0,0.0017003093380481005,0.9970110654830933,0.07653914391994476,0,0.0435873307287693,-0.07654467225074768,0.9961130619049072,0,0,4.184490203857422,0,1
B3,mixamorig_Spine2,2,0.9989842772483826,0.003536688629537821,-0.04378078877925873,0,-0.00016844196943566203,0.9970042109489441,0.0766899511218071,0,0.0439281165599823,-0.0766172856092453,0.9960921406745911,0,0,4.7822771072387695,0,1
B4,mixamorig_Neck,3,0.9998236298561096,-0.013734336011111736,0.0003222593222744763,0,0.013809699565172195,0.9995654821395874,-0.021794985979795456,0,0.00007975783955771476,0.021873975172638893,0.9996865391731262,0,0,5.380055904388428,-9.999999974752427e-7,1
B5,mixamorig_Head,4,0.9942067861557007,-0.04663388431072235,0.058541905134916306,0,0.05673050135374069,0.9793083667755127,-0.18925721943378448,0,-0.0485185943543911,0.1891150325536728,0.9786677956581116,0,0,5.572380065917969,-2.638554096221924,1
B6,mixamorig_HeadTop_End,5,1,0,0,0,0,1,0,0,0,0,1,0,0,3.6518359184265137,-1.729164958000183,1
B7,mixamorig_LeftShoulder,3,0.35589972138404846,-0.0019073804141953588,-0.934434711933136,0,0.8973760008811951,-0.2771083116531372,0.34234359860420227,0,-0.2595233619213104,-0.9605376124382019,-0.09721054136753082,0,1.8527250289916992,4.720003128051758,-0.1303109973669052,1
B8,mixamorig_LeftArm,7,0.5479254126548767,0.3463283181190491,-0.7516480088233948,0,0.5352339148521423,0.5426402688026428,0.6402899622917175,0,0.6315430402755737,-0.7639843225479126,0.10823982954025269,0,0,3.9923810958862305,0,1
B9,mixamorig_LeftForeArm,8,0.711987316608429,0.5356361865997314,-0.4398828446865082,0,-0.6496192812919617,0.7289118766784668,-0.16388313472270966,0,0.22897738218307495,0.40243932604789734,0.8823038935661316,0,0,12.998355865478516,0,1
B10,mixamorig_LeftHand,9,-0.1284898817539215,0.09089644998311996,0.98694908618927,0,-0.16959363222122192,0.9774543642997742,-0.10999595373868942,0,-0.974706768989563,-0.18148471415042877,-0.11013514548540115,0,0,18.090051651000977,0,1
B11,mixamorig_LeftHandIndex1,10,0.8145967125892639,-0.5442958474159241,-0.200420543551445,0,0.45729005336761475,0.3901100158691406,0.7991779446601868,0,-0.3568113446235657,-0.742658257484436,0.5666882991790771,0,0,0.8659480214118958,0,1
B12,mixamorig_LeftHandIndex2,11,0.6205115914344788,-0.6024655103683472,-0.5019919276237488,0,0.6120842099189758,-0.02807079441845417,0.7902855277061462,0,-0.4902181327342987,-0.7976425886154175,0.3513464629650116,0,0,0.6369630098342896,0,1
B13,mixamorig_LeftHandIndex3,12,0.9977042078971863,0.008193165995180607,-0.06719626486301422,0,0.04031480848789215,0.7254354953765869,0.6870996952056885,0,0.05437147617340088,-0.6882312893867493,0.7234432697296143,0,-0.34418201446533203,0.886355996131897,-0.4312869906425476,1
B14,mixamorig_LeftHandIndex4,13,1,0,0,0,0,1,0,0,0,0,1,0,0.048037998378276825,0.2651340067386627,-0.14359700679779053,1
B15,mixamorig_RightShoulder,3,0.16320045292377472,-0.005189293995499611,0.9846205115318298,0,-0.9578442573547363,-0.22551153600215912,0.1584562212228775,0,0.22163592278957367,-0.9727147221565247,-0.038542263209819794,0,-1.8527250289916992,4.720693111419678,-0.133759006857872,1
B16,mixamorig_RightArm,15,0.7388964295387268,-0.6631456017494202,0.045239854604005814,0,0.5052281618118286,0.606259822845459,0.612945020198822,0,-0.43280330300331116,-0.42804813385009766,0.7864724397659302,0,0,3.9923810958862305,0,1
B17,mixamorig_RightForeArm,16,0.23947452008724213,-0.7668500542640686,0.5816162824630737,0,0.9500176906585693,0.11445014923810959,-0.2402598261833191,0,0.12278970330953598,0.6100820302963257,0.7761421203613281,0,0,13.00727653503418,0,1
B18,mixamorig_RightHand,17,0.24262581765651703,-0.28747257590293884,-0.9153652787208557,0,-0.36713138222694397,0.8415818810462952,-0.3646192252635956,0,0.8918055295944214,0.43098360300064087,0.11163362860679626,0,0,17.85553741455078,0,1
B19,mixamorig_RightHandIndex1,18,0.06090092658996582,-0.9874412417411804,-0.14568212628364563,0,-0.862449586391449,-0.1255285143852234,0.4903022050857544,0,-0.5024458765983582,0.09578341990709305,-0.8592866659164429,0,0,1.3207989931106567,0,1
B20,mixamorig_RightHandIndex2,19,0.03217710182070732,-0.9994510412216187,0.005887769162654877,0,0.9789406061172485,0.032703232020139694,0.20144443213939667,0,-0.2015240639448166,-0.0007180647226050496,0.9794819951057434,0,0,0.8072829842567444,0,1
B21,mixamorig_RightHandIndex3,20,0.9145562052726746,-0.36916807293891907,0.16514801979064941,0,0.39442282915115356,0.9044349193572998,-0.16248248517513275,0,-0.08938205987215042,0.21374520659446716,0.9727914333343506,0,-0.5282210111618042,0.9216529726982117,-0.2654460072517395,1
B22,mixamorig_RightHandIndex4,21,1,0,0,0,0,1,0,0,0,0,1,0,-0.022478999570012093,0.3231450021266937,-0.03168699890375137,1
B23,mixamorig_LeftUpLeg,0,-0.9885919690132141,-0.05846042186021805,0.10732460767030716,0,0.12422827631235123,-0.4444320797920227,0.8809370994567871,0,0.0018875148380175233,0.8891424536705017,0.4514637589454651,0,3.741352081298828,-1.950435996055603,0.8170009851455688,1
B24,mixamorig_LeftLeg,23,0.9822374582290649,-0.01849650964140892,0.18264667689800262,0,0.16831724345684052,-0.34664836525917053,-0.9151632189750671,0,0.08042234927415848,0.9296286702156067,-0.3373992443084717,0,0,18.044631958007812,0,1
B25,mixamorig_LeftFoot,24,0.7026330232620239,0.40616047382354736,0.579619824886322,0,-0.6289478540420532,-0.01991421915590763,0.7751330733299255,0,0.32960227131843567,-0.9115180969238281,0.24057254195213318,0,0,14.669084548950195,0,1
B26,mixamorig_LeftToeBase,25,0.9968207478523254,-0.031189454719424248,-0.07253093272447586,0,0.029561100527644157,0.9990382194519043,-0.019595330581068993,0,0.07302065938711166,0.017412425950169563,0.9967917203903198,0,0,10.324417114257812,0,1
B27,mixamorig_LeftToe_End,26,1,0,0,0,0,1,0,0,0,0,1,0,0,3.1363680362701416,0,1
B28,mixamorig_RightUpLeg,0,-0.954006016254425,0.0762515664100647,-0.2637280523777008,0,-0.15837396681308746,-0.9267961978912354,0.3030480444431305,0,-0.23610569536685944,0.33607953786849976,0.9064382910728455,0,-3.741352081298828,-1.950435996055603,0.19477400183677673,1
B29,mixamorig_RightLeg,28,0.9739490747451782,0.05054444447159767,-0.217667356133461,0,-0.22481811046600342,0.25360003113746643,-0.938376247882843,0,0.009443764574825764,0.9633337259292603,0.2588596045970917,0,0,17.991817474365234,0,1
B30,mixamorig_RightFoot,29,0.8170052170753479,0.3405832350254059,-0.46353888511657715,0,0.47965195775032043,0.03162387013435364,0.8743584752082825,0,0.31267622113227844,-0.9365978837013245,-0.13793151080608368,0,0,13.70660400390625,0,1
B31,mixamorig_RightToeBase,30,0.9107194542884827,0.37105968594551086,-0.17887789011001587,0,-0.09091854095458984,0.6070107817649841,0.7869068384170532,0,0.4013742208480835,-0.6999832987785339,0.5867952108383179,0,0,9.723207473754883,0,1
B32,mixamorig_RightToe_End,31,1,0,0,0,0,1,0,0,0,0,1,0,0,3.0487380027770996,0,1
@28,0,1,2,3,4,5,7,8,9,10,11,12,13,15,16,17,18,19,20,21,23,24,25,26,28,29,30,31
K0.000,0.9813609719276428,-0.12438300251960754,0.14649300277233124,0,0.08902599662542343,0.9698070287704468,0.2270449995994568,0,-0.17031000554561615,-0.2097720056772232,0.9628030061721802,0,-0.008808000013232231,34.27214050292969,-0.18973299860954285,1,0.9810519814491272,0.16697999835014343,-0.09825500100851059,0,-0.17579400539398193,0.9803810119628906,-0.08915399760007858,0,0.08144000172615051,0.10473799705505371,0.991159975528717,0,0,3.5169599056243896,-0.703885018825531,1,0.998993992805481,0.013969999738037586,-0.042603999376297,0,-0.010641000233590603,0.9969429969787598,0.07740499824285507,0,0.04355499893426895,-0.07687400281429291,0.996088981628418,0,0,4.184490203857422,0,1,0.998986005783081,0.015425999648869038,-0.04230500012636185,0,-0.012109999544918537,0.9969149827957153,0.07754699885845184,0,0.04337099939584732,-0.07695599645376205,0.9960910081863403,0,0,4.7822771072387695,0,1,0.9999610185623169,-0.0014299999456852674,-0.008740000426769257,0,0.0013409999664872885,0.9999470114707947,-0.010235000401735306,0,0.008754000067710876,0.010223000310361385,0.999908983707428,0,0,5.380055904388428,0,1,0.9936950206756592,-0.11194799840450287,-0.006209999788552523,0,0.10865200310945511,0.9751499891281128,-0.19307400286197662,0,0.0276699997484684,0.1911820024251938,0.9811649918556213,0,0,5.572380065917969,-2.638554096221924,1,0.3696720004081726,-0.005855000112205744,-0.929144024848938,0,0.8844460248947144,-0.30426499247550964,0.3538059890270233,0,-0.2847769856452942,-0.9525690078735352,-0.10729999840259552,0,1.8527250289916992,4.720003128051758,-0.1303109973669052,1,0.6650660037994385,0.3376910090446472,-0.6660720109939575,0,0.4711819887161255,0.5022249817848206,0.7250919938087463,0,0.5793750286102295,-0.7960749864578247,0.17489899694919586,0,0,3.9923810958862305,0,1,0.7976099848747253,0.4345790147781372,-0.41828200221061707,0,-0.5270569920539856,0.8393639922142029,-0.13296300172805786,0,0.29330798983573914,0.32651200890541077,0.8985329866409302,0,0,12.998355865478516,0,1,-0.08903100341558456,0.09956400096416473,0.9910399913787842,0,-0.24045799672603607,0.9634119868278503,-0.11839000135660172,0,-0.9665679931640625,-0.2488439977169037,-0.06183300167322159,0,0,18.090051651000977,0,1,0.8158329725265503,-0.5432379841804504,-0.19826500117778778,0,0.45635199546813965,0.39420801401138306,0.7977110147476196,0,-0.3551900088787079,-0.7412769794464111,0.5695160031318665,0,0,0.8659480214118958,0,1,0.6221200227737427,-0.6025969982147217,-0.4998440146446228,0,0.6121569871902466,-0.0236200001090765,0.790382981300354,0,-0.488088995218277,-0.7976959943771362,0.35418999195098877,0,0,0.6369630098342896,0,1,0.9976860284805298,0.010634000413119793,-0.06715399771928787,0,0.03831600025296211,0.7279819846153259,0.6845250129699707,0,0.05616600066423416,-0.685513973236084,0.7258899807929993,0,-0.34418201446533203,0.886355996131897,-0.4312869906425476,1,0.09000799804925919,-0.0035310001112520695,0.9959350228309631,0,-0.9537240266799927,-0.28836899995803833,0.08517099916934967,0,0.2868959903717041,-0.9575129747390747,-0.02932400070130825,0,-1.8527250289916992,4.720693111419678,-0.133759006857872,1,0.660224974155426,-0.742123007774353,0.11557299643754959,0,0.5327180027961731,0.571179986000061,0.6244710087776184,0,-0.5294470191001892,-0.350722998380661,0.7724499702453613,0,0,3.9923810958862305,0,1,0.38554900884628296,-0.7447699904441833,0.5446739792823792,0,0.9226639866828918,0.30698999762535095,-0.2333420068025589,0,0.006577000021934509,0.5925160050392151,0.8055319786071777,0,0,13.00727653503418,0,1,0.25850600004196167,-0.4472520053386688,-0.8562359809875488,0,-0.2500010132789612,0.8251919746398926,-0.5065150260925293,0,0.9330989718437195,0.34499698877334595,0.10150399804115295,0,0,17.85553741455078,0,1,0.06624399870634079,-0.9866470098495483,-0.14879100024700165,0,-0.8617169857025146,-0.1317480057477951,0.48998698592185974,0,-0.503046989440918,0.09575700014829636,-0.8589379787445068,0,0,1.3207989931106567,0,1,0.025939999148249626,-0.9996430277824402,0.006401999853551388,0,0.979138970375061,0.026698000729084015,0.20142799615859985,0,-0.20152699947357178,0.0010430000256747007,0.9794819951057434,0,0,0.8072829842567444,0,1,0.9120420217514038,-0.3746519982814789,0.16677699983119965,0,0.40014100074768066,0.9020509719848633,-0.16183499991893768,0,-0.08980999886989594,0.21433399617671967,0.9726229906082153,0,-0.5282210111618042,0.9216529726982117,-0.2654460072517395,1,-0.9750210046768188,-0.1389790028333664,0.17326200008392334,0,0.22038200497627258,-0.5080819725990295,0.8326370120048523,0,-0.027688000351190567,0.85002201795578,0.5260189771652222,0,3.741352081298828,-1.950435996055603,0.8170009851455688,1,0.985539972782135,0.0251460000872612,0.16756799817085266,0,0.1590919941663742,-0.4776810109615326,-0.8640090227127075,0,0.05831800028681755,0.8781740069389343,-0.47477400302886963,0,0,18.044631958007812,0,1,0.6802710294723511,0.35082799196243286,0.6435449719429016,0,-0.6688230037689209,-0.062066998332738876,0.7408270239830017,0,0.29984501004219055,-0.9343810081481934,0.19241900742053986,0,0,14.669084548950195,0,1,0.997639000415802,-0.033486999571323395,-0.05995900183916092,0,0.03419199958443642,0.9993569850921631,0.010777000337839127,0,0.05956000089645386,-0.012802000157535076,0.9981430172920227,0,0,10.324417114257812,0,1,-0.9731850028038025,-0.059829000383615494,-0.22210800647735596,0,-0.04716699942946434,-0.8931609988212585,0.44725701212882996,0,-0.22513699531555176,0.4457400143146515,0.8663889765739441,0,-3.741352081298828,-1.950435996055603,0.19477400183677673,1,0.9799569845199585,0.00892299972474575,-0.1990090012550354,0,-0.19728800654411316,0.18185000121593475,-0.9633319973945618,0,0.027594000101089478,0.9832860231399536,0.179966002702713,0,0,17.991817474365234,0,1,0.8349360227584839,0.2958090007305145,-0.4640899896621704,0,0.4975390136241913,-0.045267000794410706,0.8662599921226501,0,0.23523899912834167,-0.9541739821434021,-0.18497200310230255,0,0,13.70660400390625,0,1,0.9249709844589233,0.33876100182533264,-0.17225000262260437,0,-0.10563799738883972,0.6645669937133789,0.7397239804267883,0,0.3650610148906708,-0.6660270094871521,0.6504909992218018,0,0,9.723207473754883,0,1
K0.033,0.9960159659385681,0.007070217747241259,0.0888914242386818,0,-0.02562207169830799,0.9775059223175049,0.20934398472309113,0,-0.08541218936443329,-0.21078799664974213,0.973793089389801,0,-0.21176232397556305,34.80846405029297,5.632205486297607,1,0.9948379993438721,0.05889786034822464,-0.08263111114501953,0,-0.06616086512804031,0.9939110279083252,-0.0881049856543541,0,0.07693921029567719,0.09311788529157639,0.9926779866218567,0,0,3.5169599056243896,-0.703885018825531,1,0.9989950060844421,-0.0070311627350747585,-0.044274091720581055,0,0.010383167304098606,0.9970589876174927,0.07592996209859848,0,0.04361008107662201,-0.07631297409534454,0.9961299896240234,0,0,4.184490203857422,0,1,0.9989830255508423,-0.004828161094337702,-0.044819097965955734,0,0.008233166299760342,0.9970669746398926,0.07608696818351746,0,0.044320084154605865,-0.07637897878885269,0.9960929751396179,0,0,4.7822771072387695,0,1,0.9997270107269287,-0.0223911814391613,0.006698107346892357,0,0.02258218452334404,0.999297022819519,-0.029928134754300117,0,-0.006023096386343241,0.030071139335632324,0.999530017375946,0,0,5.380055904388428,0,1,0.9945668578147888,-0.0006814524531364441,0.10409878939390182,0,0.02020058035850525,0.982234001159668,-0.1865718811750412,0,-0.10212188214063644,0.1876607984304428,0.9769108891487122,0,0,5.572380065917969,-2.638554096221924,1,0.3462100923061371,0.0008700088947080076,-0.9381570219993591,0,0.9064729809761047,-0.2580019235610962,0.3342790901660919,0,-0.24175593256950378,-0.9661440253257751,-0.09011200070381165,0,1.8527250289916992,4.720003128051758,-0.1303109973669052,1,0.46550989151000977,0.3524051904678345,-0.8118558526039124,0,0.5802983045578003,0.571074903011322,0.5806266069412231,0,0.6682463884353638,-0.7414065599441528,0.0613410659134388,0,0,3.9923810958862305,0,1,0.6517465710639954,0.6067360043525696,-0.4550803601741791,0,-0.7358492612838745,0.6512021422386169,-0.18563731014728546,0,0.18371690809726715,0.4558587670326233,0.8708857297897339,0,0,12.998355865478516,0,1,-0.15625157952308655,0.08479830622673035,0.984070897102356,0,-0.11973625421524048,0.9873340725898743,-0.10409023612737656,0,-0.98043292760849,-0.13409337401390076,-0.14411862194538116,0,0,18.090051651000977,0,1,0.8137269616127014,-0.5450400710105896,-0.20193710923194885,0,0.45795002579689026,0.38722681999206543,0.8002100586891174,0,-0.3579520583152771,-0.743630051612854,0.5646988749504089,0,0,0.8659480214118958,0,1,0.6193799376487732,-0.6023730039596558,-0.503503143787384,0,0.6120330095291138,-0.031202198937535286,0.7902169823646545,0,-0.49171608686447144,-0.7976049780845642,0.3493458926677704,0,0,0.6369630098342896,0,1,0.997717022895813,0.0064758905209600925,-0.06722600013017654,0,0.04172109067440033,0.7236438989639282,0.6889111399650574,0,0.05310891941189766,-0.6901431083679199,0.721721887588501,0,-0.34418201446533203,0.886355996131897,-0.4312869906425476,1,0.2146957814693451,-0.006356004159897566,0.9766600728034973,0,-0.9607431292533875,-0.1812875121831894,0.21001680195331573,0,0.17572152614593506,-0.9834100604057312,-0.04502787068486214,0,-1.8527250289916992,4.720693111419678,-0.133759006857872,1,0.7942465543746948,-0.6075802445411682,-0.0042437659576535225,0,0.485887348651886,0.6309406161308289,0.6048358082771301,0,-0.364808589220047,-0.48245105147361755,0.7963381409645081,0,0,3.9923810958862305,0,1,0.1367022693157196,-0.7823847532272339,0.6076074242591858,0,0.9692627191543579,-0.021013278514146805,-0.24512693285942078,0,0.20455236732959747,0.6224408149719238,0.7554646134376526,0,0,13.00727653503418,0,1,0.23145315051078796,-0.17505808174610138,-0.9569662809371948,0,-0.4495396614074707,0.8531131744384766,-0.2647869288921356,0,0.8627530932426453,0.49148041009902954,0.11876043677330017,0,0,17.85553741455078,0,1,0.057141754776239395,-0.9880000352859497,-0.1434948444366455,0,-0.8629649877548218,-0.12115271389484406,0.4905239939689636,0,-0.5020229816436768,0.09580200165510178,-0.8595319986343384,0,0,1.3207989931106567,0,1,0.036565281450748444,-0.9993159770965576,0.00552597688511014,0,0.9788010120391846,0.03692827746272087,0.2014559954404831,0,-0.20152199268341064,-0.001957080326974392,0.9794819951057434,0,0,0.8072829842567444,0,1,0.9163250923156738,-0.36530977487564087,0.164001926779747,0,0.3903997242450714,0.9061121344566345,-0.16293802857398987,0,-0.08908097445964813,0.2133309692144394,0.9729099869728088,0,-0.5282210111618042,0.9216529726982117,-0.2654460072517395,1,-0.9981399178504944,-0.0018107290379703045,0.060933664441108704,0,0.05657830461859703,-0.399650514125824,0.9149191379547119,0,0.02269567921757698,0.9166660904884338,0.399009644985199,0,3.741352081298828,-1.950435996055603,0.8170009851455688,1,0.9799138903617859,-0.04920165613293648,0.1932554394006729,0,0.17480775713920593,-0.2544589936733246,-0.9511533379554749,0,0.09597409516572952,0.9658301472663879,-0.24074780941009521,0,0,18.044631958007812,0,1,0.7183660864830017,0.44509023427963257,0.5346446633338928,0,-0.6008933186531067,0.00974281132221222,0.799269437789917,0,0.35053831338882446,-0.8954326510429382,0.27445146441459656,0,0,14.669084548950195,0,1,0.9962450265884399,-0.029572991654276848,-0.08137604594230652,0,0.026302983984351158,0.9988139867782593,-0.04096410423517227,0,0.08249104768037796,0.03867010399699211,0.9958410263061523,0,0,10.324417114257812,0,1,-0.9405124187469482,0.1719924807548523,-0.29301029443740845,0,-0.23661479353904724,-0.9504605531692505,0.20158830285072327,0,-0.24382284283638,0.25892674922943115,0.9346153736114502,0,-3.741352081298828,-1.950435996055603,0.19477400183677673,1,0.9697221517562866,0.07982765138149261,-0.23079463839530945,0,-0.24418720602989197,0.3040805160999298,-0.9208183884620667,0,-0.0033260241616517305,0.9492960572242737,0.31436604261398315,0,0,17.991817474365234,0,1,0.8043897747993469,0.3720846176147461,-0.46315112709999084,0,0.46706733107566833,0.08572124689817429,0.8800562620162964,0,0.3671579957008362,-0.924232006072998,-0.10483568161725998,0,0,13.70660400390625,0,1,0.9006926417350769,0.3937837779521942,-0.18354101479053497,0,-0.08056250959634781,0.5665165185928345,0.820102870464325,0,0.4269227683544159,-0.7238735556602478,0.5419813394546509,0,0,9.723207473754883,0,1
K0.067,0.991161048412323,0.12876980006694794,0.03190656751394272,0,-0.13260094821453094,0.9689770340919495,0.2085680216550827,0,-0.0040588085539639,-0.21095499396324158,0.9774869680404663,0,-0.3440077006816864,35.310428619384766,11.484236717224121,1,0.9940680265426636,-0.05499286577105522,-0.09382788836956024,0,0.046883873641490936,0.9951440095901489,-0.08654201775789261,0,0.09813179075717926,0.08162911236286163,0.9918199777603149,0,0,3.5169599056243896,-0.703885018825531,1,0.9982830286026001,-0.023259837180376053,-0.05376090854406357,0,0.027135834097862244,0.9969969987869263,0.0725330337882042,0,0.051911916583776474,-0.07386802136898041,0.9959160089492798,0,0,4.184490203857422,0,1,0.998291015625,-0.020939840003848076,-0.05455990135669708,0,0.024889834225177765,0.9970390200614929,0.07275602966547012,0,0.052874915301799774,-0.07399002462625504,0.995855987071991,0,0,4.7822771072387695,0,1,0.9990329742431641,-0.040360819548368454,0.017445893958210945,0,0.04108481854200363,0.9982150197029114,-0.043353866785764694,0,-0.015664905309677124,0.044028863310813904,0.9989070296287537,0,0,5.380055904388428,0,1,0.9815601110458374,0.054038457572460175,0.18335820734500885,0,-0.021639585494995117,0.9844560027122498,-0.174294114112854,0,-0.1899261176586151,0.16711220145225525,0.9674721360206604,0,0,5.572380065917969,-2.638554096221924,1,0.35383591055870056,0.0017599911661818624,-0.9353060126304626,0,0.9056490063667297,-0.2504720985889435,0.3421449065208435,0,-0.2336660772562027,-0.9681220054626465,-0.09021999686956406,0,1.8527250289916992,4.720003128051758,-0.1303109973669052,1,0.3550141155719757,0.27141880989074707,-0.8945931792259216,0,0.6099666953086853,0.65792316198349,0.4416753649711609,0,0.708452582359314,-0.7024723291397095,0.06801493465900421,0,0,3.9923810958862305,0,1,0.5070924162864685,0.7079640030860901,-0.49157264828681946,0,-0.8586187958717346,0.4646008610725403,-0.2166086882352829,0,0.07503408193588257,0.531914234161377,0.8434672951698303,0,0,12.998355865478516,0,1,-0.2136034369468689,0.11547669768333435,0.9700711369514465,0,-0.04548773914575577,0.9907369613647461,-0.12795275449752808,0,-0.9758610725402832,-0.0714576244354248,-0.20637136697769165,0,0,18.090051651000977,0,1,0.8081320524215698,-0.5496439337730408,-0.2116938978433609,0,0.4620649814605713,0.3687201738357544,0.8065609335899353,0,-0.36526593565940857,-0.7496239542961121,0.5519461035728455,0,0,0.8659480214118958,0,1,0.6121650338172913,-0.6016160249710083,-0.5131388902664185,0,0.6115390062332153,-0.05117880180478096,0.7895569801330566,0,-0.5012728571891785,-0.7971439957618713,0.33658212423324585,0,0,0.6369630098342896,0,1,0.9977070093154907,-0.004479891154915094,-0.06753499805927277,0,0.05060290917754173,0.7120081186294556,0.7003448605537415,0,0.04494808241724968,-0.7021569013595581,0.7106021046638489,0,-0.34418201446533203,0.886355996131897,-0.4312869906425476,1,0.1925802230834961,-0.006794995628297329,0.9812579154968262,0,-0.972930908203125,-0.13150349259376526,0.19003519415855408,0,0.12774747610092163,-0.9912929534912109,-0.03193613141775131,0,-1.8527250289916992,4.720693111419678,-0.133759006857872,1,0.8472004532814026,-0.5309287905693054,0.01914876699447632,0,0.4207356572151184,0.6925023794174194,0.5860221982002258,0,-0.32439640164375305,-0.48842093348503113,0.8100689053535461,0,0,3.9923810958862305,0,1,-0.036050282418727875,-0.7579662203788757,0.6512965559959412,0,0.9390122890472412,-0.24871774017810822,-0.23747707903385162,0,0.34198862314224243,0.6030141711235046,0.7207063436508179,0,0,13.00727653503418,0,1,0.14647485315799713,-0.08258991688489914,-0.9857606887817383,0,-0.6164653301239014,0.771720826625824,-0.15625807642936707,0,0.7736368775367737,0.6305756568908691,0.06212356314063072,0,0,17.85553741455078,0,1,0.03269024193286896,-0.9910649657249451,-0.12930813431739807,0,-0.8657770156860352,-0.09272028505802155,0.49176499247550964,0,-0.4993610382080078,0.09587600082159042,-0.8610730171203613,0,0,1.3207989931106567,0,1,0.06499271839857101,-0.9978809952735901,0.003182023297995329,0,0.9773600101470947,0.06429972499608994,0.20157499611377716,0,-0.20135200023651123,-0.009990920312702656,0.9794679880142212,0,0,0.8072829842567444,0,1,0.9272798895835876,-0.34008124470710754,0.1565120816230774,0,0.36410126090049744,0.9164928793907166,-0.16574697196483612,0,-0.08707401901483536,0.2106800228357315,0.9736689925193787,0,-0.5282210111618042,0.9216529726982117,-0.2654460072517395,1,-0.989452064037323,0.1252017319202423,-0.07286067306995392,0,-0.11300131678581238,-0.35240548849105835,0.9289999008178711,0,0.09063532203435898,0.9274348616600037,0.3628363609313965,0,3.741352081298828,-1.950435996055603,0.8170009851455688,1,0.9669731259346008,-0.21492034196853638,0.13701055943965912,0,0.1504952311515808,0.0476049967110157,-0.987463653087616,0,0.20570391416549683,0.9754698872566223,0.07837682962417603,0,0,18.044631958007812,0,1,0.8245639204978943,0.27036672830581665,0.49698737263679504,0,-0.5357546806335449,0.090824194252491,0.8394745588302612,0,0.18182767927646637,-0.9584633708000183,0.21974153816699982,0,0,14.669084548950195,0,1,0.9958940148353577,-0.028908006846904755,-0.08578295260667801,0,0.024541016668081284,0.9983699917793274,-0.05153389647603035,0,0.08713295310735703,0.049216896295547485,0.994979977607727,0,0,10.324417114257812,0,1,-0.8806746006011963,0.41939353942871094,-0.22027672827243805,0,-0.4151882231235504,-0.9072363972663879,-0.06738332659006119,0,-0.2281031459569931,0.03211325407028198,0.9731066226959229,0,-3.741352081298828,-1.950435996055603,0.19477400183677673,1,0.8856198191642761,0.24519336223602295,-0.39440736174583435,0,-0.4643748104572296,0.45704346895217896,-0.7585946321487427,0,-0.005739975720643997,0.854979932308197,0.5186289548873901,0,0,17.991817474365234,0,1,0.7834121584892273,0.2336333692073822,-0.5759168863296509,0,0.5010436177253723,0.3108537793159485,0.8076657056808472,0,0.3677250146865845,-0.9212949872016907,0.12646670639514923,0,0,13.70660400390625,0,1,0.8625073432922363,0.47082921862602234,-0.1854729801416397,0,-0.031536489725112915,0.41581448912620544,0.908902108669281,0,0.5050612092018127,-0.778085470199585,0.37349066138267517,0,0,9.723207473754883,0,1
K0.100,0.988627016544342,0.14890100061893463,0.02108299918472767,0,-0.14986400306224823,0.9638010263442993,0.22051799297332764,0,0.012515999376773834,-0.22116999328136444,0.9751549959182739,0,-0.5992370247840881,35.63782501220703,17.070932388305664,1,0.9883400201797485,-0.10347100347280502,-0.11170700192451477,0,0.092740997672081,0.9909219741821289,-0.0973299965262413,0,0.12076299637556076,0.0858360007405281,0.9889630079269409,0,0,3.5169599056243896,-0.703885018825531,1,0.9986569881439209,-0.023435000330209732,-0.04619799926877022,0,0.026436999440193176,0.9975039958953857,0.0654670000076294,0,0.044548001140356064,-0.06660100072622299,0.9967849850654602,0,0,4.184490203857422,0,1,0.9987080097198486,-0.021105999127030373,-0.04623100161552429,0,0.024136999621987343,0.9975259900093079,0.06602700054645538,0,0.04472300037741661,-0.06705699861049652,0.9967460036277771,0,0,4.7822771072387695,0,1,0.9986079931259155,-0.05056200176477432,0.015011999756097794,0,0.051176998764276505,0.9977239966392517,-0.043907999992370605,0,-0.012757999822497368,0.0446150004863739,0.9989230036735535,0,0,5.380055904388428,0,1,0.9782230257987976,0.06209399923682213,0.19804899394512177,0,-0.02908100001513958,0.9857919812202454,-0.1654369980096817,0,-0.20550699532032013,0.15607400238513947,0.9661300182342529,0,0,5.572380065917969,-2.638554096221924,1,0.34888601303100586,-0.00471899937838316,-0.9371529817581177,0,0.8940569758415222,-0.2981239855289459,0.33434298634529114,0,-0.28096500039100647,-0.9545159935951233,-0.0997920036315918,0,1.8527250289916992,4.720003128051758,-0.1303109973669052,1,0.3851189911365509,0.11773701012134552,-0.9153259992599487,0,0.6370390057563782,0.6837120056152344,0.3559759855270386,0,0.6677299737930298,-0.720192015171051,0.1883080005645752,0,0,3.9923810958862305,0,1,0.4045790135860443,0.7540410161018372,-0.5174340009689331,0,-0.9145010113716125,0.3323589861392975,-0.23070700466632843,0,-0.0019879965111613274,0.5665330290794373,0.8240370154380798,0,0,12.998355865478516,0,1,-0.2255460023880005,0.1471800059080124,0.9630510210990906,0,-0.029923999682068825,0.9870100021362305,-0.1578499972820282,0,-0.9737730026245117,-0.06442099809646606,-0.21821199357509613,0,0,18.090051651000977,0,1,0.8000630140304565,-0.5558170080184937,-0.22575899958610535,0,0.4675630033016205,0.34193500876426697,0.8151469826698303,0,-0.3758780062198639,-0.7577250003814697,0.5334489941596985,0,0,0.8659480214118958,0,1,0.6018419861793518,-0.6001120209693909,-0.5269269943237305,0,0.6104140281677246,-0.07977599650621414,0.7880550026893616,0,-0.5149570107460022,-0.7959280014038086,0.31830400228500366,0,0,0.6369630098342896,0,1,0.9974619746208191,-0.020169999450445175,-0.06828299909830093,0,0.06309299916028976,0.6948300004005432,0.7164009809494019,0,0.03299500048160553,-0.7188910245895386,0.6943389773368835,0,-0.34418201446533203,0.886355996131897,-0.4312869906425476,1,0.16244299709796906,-0.006157000083476305,0.9866989850997925,0,-0.9767820239067078,-0.1425579935312271,0.15992100536823273,0,0.1396770030260086,-0.9897670149803162,-0.02917099930346012,0,-1.8527250289916992,4.720693111419678,-0.133759006857872,1,0.8186720013618469,-0.5591800212860107,0.13074399530887604,0,0.3932720124721527,0.7118350267410278,0.5819180011749268,0,-0.4184649884700775,-0.4249820113182068,0.8026689887046814,0,0,3.9923810958862305,0,1,-0.006921001244336367,-0.7650539875030518,0.6439290046691895,0,0.9477919936180115,-0.21032199263572693,-0.23969699442386627,0,0.3188140094280243,0.6086519956588745,0.7265679836273193,0,0,13.00727653503418,0,1,0.04406000301241875,-0.19503599405288696,-0.9798060059547424,0,-0.6652250289916992,0.7259830236434937,-0.17442500591278076,0,0.7453420162200928,0.6594759821891785,-0.09775599092245102,0,0,17.85553741455078,0,1,-0.0033069984056055546,-0.9940890073776245,-0.10851699858903885,0,-0.868503987789154,-0.05093500390648842,0.4930590093135834,0,-0.49567198753356934,0.0958779975771904,-0.8632019758224487,0,0,1.3207989931106567,0,1,0.1065479964017868,-0.9943079948425293,-0.0002429998421575874,0,0.973842978477478,0.10430499911308289,0.20186500251293182,0,-0.20069000124931335,-0.021745000034570694,0.9794129729270935,0,0,0.8072829842567444,0,1,0.9419649839401245,-0.302592009305954,0.14539599418640137,0,0.3250339925289154,0.9303929805755615,-0.16947300732135773,0,-0.08399400115013123,0.20689600706100464,0.9747509956359863,0,-0.5282210111618042,0.9216529726982117,-0.2654460072517395,1,-0.9853420257568359,0.15323500335216522,-0.07496599853038788,0,-0.13030800223350525,-0.3924869894981384,0.9104800224304199,0,0.11009400337934494,0.9069030284881592,0.4067020118236542,0,3.741352081298828,-1.950435996055603,0.8170009851455688,1,0.9619179964065552,-0.26259100437164307,0.07588899880647659,0,0.17069099843502045,0.36022600531578064,-0.9171159863471985,0,0.21348899602890015,0.895143985748291,0.3913300037384033,0,0,18.044631958007812,0,1,0.8758800029754639,0.11823701113462448,0.4678190052509308,0,-0.48093900084495544,0.13526399433612823,0.8662570118904114,0,0.03914400562644005,-0.9837290048599243,0.17533999681472778,0,0,14.669084548950195,0,1,0.9970570206642151,-0.03153400123119354,-0.06987100094556808,0,0.030681999400258064,0.9994410276412964,-0.013245001435279846,0,0.0702499970793724,0.011062001809477806,0.9974679946899414,0,0,10.324417114257812,0,1,-0.9268370270729065,0.35658299922943115,-0.11756100505590439,0,-0.3347029983997345,-0.9265580177307129,-0.17165200412273407,0,-0.1701350063085556,-0.11974499374628067,0.9781180024147034,0,-3.741352081298828,-1.950435996055603,0.19477400183677673,1,0.8927630186080933,0.20711499452590942,-0.4000979959964752,0,-0.4306640028953552,0.6531050205230713,-0.6228820085525513,0,0.13229799270629883,0.728393018245697,0.6722649931907654,0,0,17.991817474365234,0,1,0.7201820015907288,-0.13891299068927765,-0.6797360181808472,0,0.6339730024337769,0.5297330021858215,0.5634369850158691,0,0.2818099856376648,-0.8367109894752502,0.46957096457481384,0,0,13.70660400390625,0,1,0.8581389784812927,0.4191629886627197,-0.2964780032634735,0,-0.2667750120162964,0.8574230074882507,0.44006502628326416,0,0.4386659860610962,-0.2985440194606781,0.8476099967956543,0,0,9.723207473754883,0,1
K0.133,0.9962790012359619,0.08499664068222046,-0.014303556643426418,0,-0.08009455353021622,0.9742680788040161,0.21068070828914642,0,0.03184245899319649,-0.2087506800889969,0.9774500727653503,0,-0.8498536944389343,36.07015609741211,22.888471603393555,1,0.9948770403862,-0.0675138309597969,-0.07524333149194717,0,0.05975189059972763,0.9930880069732666,-0.10102886706590652,0,0.08154431730508804,0.09601590782403946,0.9920340776443481,0,0,3.5169599056243896,-0.703885018825531,1,0.9994699954986572,-0.016422027722001076,-0.028114885091781616,0,0.018078021705150604,0.9980530142784119,0.05969703942537308,0,0.027079882100224495,-0.06017303839325905,0.9978209733963013,0,0,4.184490203857422,0,1,0.9995080232620239,-0.014671039767563343,-0.02773488685488701,0,0.016314033418893814,0.9980670213699341,0.05997403711080551,0,0.026801882311701775,-0.060397032648324966,0.9978150129318237,0,0,4.7822771072387695,0,1,0.9988909959793091,-0.04648883268237114,0.007464972790330648,0,0.04666183143854141,0.9986010193824768,-0.02488078363239765,0,-0.006297983694821596,0.02520178258419037,0.9996629953384399,0,0,5.380055904388428,0,1,0.9855830669403076,0.05884411185979843,0.15862952172756195,0,-0.03108617663383484,0.9845899939537048,-0.17209410667419434,0,-0.16631154716014862,0.16468212008476257,0.9722240567207336,0,0,5.572380065917969,-2.638554096221924,1,0.33145996928215027,-0.012116065248847008,-0.9433910250663757,0,0.8798338174819946,-0.3570374548435211,0.3137149512767792,0,-0.34062644839286804,-0.9340118169784546,-0.10768408328294754,0,1.8527250289916992,4.720003128051758,-0.1303109973669052,1,0.5545669198036194,0.030508846044540405,-0.831579327583313,0,0.6172047853469849,0.6551910042762756,0.435641348361969,0,0.5581338405609131,-0.75484699010849,0.3445173501968384,0,0,3.9923810958862305,0,1,0.43792062997817993,0.7410266995429993,-0.5090228319168091,0,-0.8987176418304443,0.3753698170185089,-0.22672490775585175,0,0.023062465712428093,0.556755781173706,0.8303561210632324,0,0,12.998355865478516,0,1,-0.20572565495967865,0.18836869299411774,0.9603098630905151,0,-0.04067270830273628,0.9788058996200562,-0.20070964097976685,0,-0.9777640700340271,-0.08034975826740265,-0.19370368123054504,0,0,18.090051651000977,0,1,0.7905479073524475,-0.5624100565910339,-0.24234017729759216,0,0.4734020531177521,0.31019267439842224,0.8244220614433289,0,-0.38849112391471863,-0.7664690613746643,0.5114677548408508,0,0,0.8659480214118958,0,1,0.5897858738899231,-0.5977229475975037,-0.5430281758308411,0,0.6084719896316528,-0.11319535225629807,0.7854609489440918,0,-0.5309561491012573,-0.7936719655990601,0.2969357967376709,0,0,0.6369630098342896,0,1,0.9968299865722656,-0.03851819038391113,-0.06961601972579956,0,0.07735113799571991,0.6739727854728699,0.7346961498260498,0,0.018619844689965248,-0.7377521991729736,0.674814760684967,0,-0.34418201446533203,0.886355996131897,-0.4312869906425476,1,0.18924634158611298,-0.004771947395056486,0.9819179177284241,0,-0.9577587246894836,-0.22140680253505707,0.1835142970085144,0,0.2165277749300003,-0.9751697778701782,-0.04647120460867882,0,-1.8527250289916992,4.720693111419678,-0.133759006857872,1,0.7602865695953369,-0.5929632782936096,0.2652524411678314,0,0.33305618166923523,0.7064164876937866,0.6245388984680176,0,-0.5577079057693481,-0.3864845037460327,0.7345689535140991,0,0,3.9923810958862305,0,1,0.24800577759742737,-0.7763503789901733,0.5794580578804016,0,0.9617869853973389,0.12569597363471985,-0.2432364970445633,0,0.11600199341773987,0.6176387071609497,0.7778587937355042,0,0,13.00727653503418,0,1,-0.1476483941078186,-0.4122745096683502,-0.8990159630775452,0,-0.5854418873786926,0.7690576910972595,-0.2565290331840515,0,0.7971559166908264,0.48844587802886963,-0.3549129068851471,0,0,17.85553741455078,0,1,-0.04694347828626633,-0.9954059720039368,-0.08344272524118423,0,-0.8695799708366394,-0.0003834500093944371,0.49379199743270874,0,-0.49155595898628235,0.09574099630117416,-0.8655670285224915,0,0,1.3207989931106567,0,1,0.15647153556346893,-0.9876728653907776,-0.004359044134616852,0,0.9673779010772705,0.15236252546310425,0.20239801704883575,0,-0.19923897087574005,-0.03588615357875824,0.9792940020561218,0,0,0.8072829842567444,0,1,0.9574961066246033,-0.25658348202705383,0.1317768543958664,0,0.2771114706993103,0.9450711011886597,-0.1733490228652954,0,-0.0800599530339241,0.2024979591369629,0.9760050177574158,0,-0.5282210111618042,0.9216529726982117,-0.2654460072517395,1,-0.9915919899940491,0.12940402328968048,-0.0009116405271925032,0,-0.06928890198469162,-0.5249671936035156,0.848297119140625,0,0.10929413884878159,0.8412281274795532,0.5295192003250122,0,3.741352081298828,-1.950435996055603,0.8170009851455688,1,0.9639080166816711,-0.2590148150920868,0.06158030033111572,0,0.20057208836078644,0.5543797016143799,-0.8077331781387329,0,0.17507676780223846,0.7909322381019592,0.5863227248191833,0,0,18.044631958007812,0,1,0.8833036422729492,0.07383597642183304,0.4629494249820709,0,-0.4682374596595764,0.18733830749988556,0.8635149598121643,0,-0.02297038584947586,-0.9795160889625549,0.20005002617835999,0,0,14.669084548950195,0,1,0.9980019927024841,-0.035110052675008774,-0.05253779888153076,0,0.0366610586643219,0.9989110231399536,0.02885049395263195,0,0.05146777629852295,-0.0307184886187315,0.9982020258903503,0,0,10.324417114257812,0,1,-0.9814699292182922,0.16070964932441711,-0.10434775799512863,0,-0.13330377638339996,-0.9638612270355225,-0.23065252602100372,0,-0.13764552772045135,-0.2124684900045395,0.9674251079559326,0,-3.741352081298828,-1.950435996055603,0.19477400183677673,1,0.9567691683769226,0.14342179894447327,-0.25302770733833313,0,-0.2728394567966461,0.743950605392456,-0.6099941730499268,0,0.10075446218252182,0.6526590585708618,0.7509204745292664,0,0,17.991817474365234,0,1,0.6168577671051025,-0.3079450726509094,-0.7243315577507019,0,0.6868590116500854,0.6599957346916199,0.30435240268707275,0,0.3843323588371277,-0.6852555274963379,0.6186391115188599,0,0,13.70660400390625,0,1,0.9711869359016418,0.2083982229232788,-0.1156080961227417,0,-0.14015989005565643,0.8918083906173706,0.43015411496162415,0,0.19274435937404633,-0.4015560448169708,0.895322322845459,0,0,9.723207473754883,0,1
