<?xml version="1.0" encoding="utf-8"?>
<COLLADA xmlns="http://www.collada.org/2005/11/COLLADASchema" version="1.4.1">
  <asset>
    <contributor>
      <author>Mixamo</author>
      <authoring_tool>COLLADA Mixamo exporter</authoring_tool>
      <comments/>
    </contributor>
    <created>2022-06-13T16:41:24Z</created>
    <modified>2022-06-13T16:41:24Z</modified>
    <revision/>
    <title/>
    <unit meter="0.010000"/>
    <up_axis>Y_UP</up_axis>
  </asset>
  <library_animations>
    <animation id="mixamorig_Hips-anim" name="mixamorig_Hips">
      <source id="mixamorig_Hips-Matrix-animation-input">
        <float_array id="mixamorig_Hips-Matrix-animation-input-array" count="56">

0.000000 0.033333 0.066667 0.100000 0.133333 0.166667 0.200000 0.233333 0.266667 0.300000 0.333333 0.366667 0.400000 0.433333 0.466667 0.500000
0.533333 0.566667 0.600000 0.633333 0.666667 0.700000 0.733333 0.766667 0.800000 0.833333 0.866667 0.900000 0.933333 0.966667 1.000000 1.033333
1.066667 1.100000 1.133333 1.166667 1.200000 1.233333 1.266667 1.300000 1.333333 1.366667 1.400000 1.433333 1.466667 1.500000 1.533333 1.566667
1.600000 1.633333 1.666667 1.700000 1.733333 1.766667 1.800000 1.833333</float_array>
        <technique_common>
          <accessor source="#mixamorig_Hips-Matrix-animation-input-array" count="56">
            <param name="TIME" type="float"/>
          </accessor>
        </technique_common>
      </source>
      <source id="mixamorig_Hips-Matrix-animation-output-transform">
        <float_array id="mixamorig_Hips-Matrix-animation-output-transform-array" count="896">

0.970708 0.136406 -0.197786 0.198517 -0.208171 0.888523 -0.408890 31.908978 0.119962 0.438086 0.890892 -0.389520 0.000000 0.000000 0.000000 1.000000
0.974694 0.081817 -0.208034 0.014006 -0.161648 0.900767 -0.403100 32.771389 0.154410 0.426527 0.891197 2.181159 0.000000 0.000000 0.000000 1.000000
0.982930 0.029156 -0.181652 -0.241093 -0.101075 0.910585 -0.400772 33.599941 0.153725 0.412292 0.897989 5.384156 0.000000 0.000000 0.000000 1.000000
0.991678 -0.016430 -0.127689 -0.601017 -0.037148 0.913117 -0.406001 34.356758 0.123265 0.407366 0.904908 9.030972 0.000000 0.000000 0.000000 1.000000
0.995714 -0.050417 -0.077532 -0.951076 0.013629 0.909178 -0.416185 35.012939 0.091474 0.413345 0.905968 12.069628 0.000000 0.000000 0.000000 1.000000
0.997080 -0.062847 -0.043386 -1.126623 0.038324 0.903173 -0.427563 35.359596 0.066056 0.424652 0.902944 14.937819 0.000000 0.000000 0.000000 1.000000
0.997748 -0.063724 -0.020956 -1.203183 0.048252 0.898789 -0.435718 35.562325 0.046601 0.433725 0.899839 17.933952 0.000000 0.000000 0.000000 1.000000
0.997098 -0.076098 0.001975 -1.339116 0.069447 0.898719 -0.432990 35.706993 0.031174 0.431871 0.901396 21.267366 0.000000 0.000000 0.000000 1.000000
0.995879 -0.090315 0.008274 -1.431052 0.085201 0.900400 -0.426640 35.286938 0.031082 0.425586 0.904384 24.387442 0.000000 0.000000 0.000000 1.000000
0.994984 -0.099891 0.005326 -1.476595 0.092825 0.902136 -0.421348 34.140316 0.037284 0.419729 0.906883 27.514404 0.000000 0.000000 0.000000 1.000000
0.993728 -0.111802 0.001981 -1.446256 0.102531 0.903970 -0.415121 33.763660 0.044621 0.412721 0.909764 30.332548 0.000000 0.000000 0.000000 1.000000
0.992429 -0.122820 -0.000252 -1.510134 0.112142 0.906986 -0.405956 33.732586 0.050088 0.402854 0.913893 32.787106 0.000000 0.000000 0.000000 1.000000
0.993500 -0.113829 0.000078 -1.711106 0.104699 0.913544 -0.393034 33.993740 0.044668 0.390488 0.919524 35.536392 0.000000 0.000000 0.000000 1.000000
0.998031 -0.061481 0.012443 -1.875709 0.061642 0.924513 -0.376133 34.488346 0.011621 0.376159 0.926482 38.641731 0.000000 0.000000 0.000000 1.000000
0.997461 0.005626 0.070995 -2.115937 0.021993 0.923820 -0.382194 35.337997 -0.067736 0.382785 0.921351 42.102448 0.000000 0.000000 0.000000 1.000000
0.988254 0.082426 0.128686 -2.380914 -0.024075 0.915531 -0.401527 36.061184 -0.150912 0.393713 0.906761 45.940647 0.000000 0.000000 0.000000 1.000000
0.982681 0.136542 0.125278 -2.583977 -0.074533 0.910202 -0.407402 36.646488 -0.169655 0.391009 0.904615 49.869915 0.000000 0.000000 0.000000 1.000000
0.980719 0.176382 0.084138 -2.712095 -0.125767 0.899199 -0.419076 36.974720 -0.149575 0.400414 0.904045 53.577541 0.000000 0.000000 0.000000 1.000000
0.981385 0.188697 0.035724 -2.814268 -0.151158 0.873694 -0.462396 37.059086 -0.118465 0.448389 0.885954 57.304714 0.000000 0.000000 0.000000 1.000000
0.984746 0.173772 -0.008896 -2.916023 -0.155862 0.858218 -0.489049 36.960464 -0.077349 0.482976 0.872211 61.178322 0.000000 0.000000 0.000000 1.000000
0.986222 0.156565 -0.053427 -2.926693 -0.163609 0.875312 -0.455040 36.098141 -0.024478 0.457511 0.888867 65.350075 0.000000 0.000000 0.000000 1.000000
0.987038 0.139419 -0.079484 -2.972275 -0.159633 0.903885 -0.396873 34.848373 0.016513 0.404418 0.914425 69.119400 0.000000 0.000000 0.000000 1.000000
0.985747 0.143900 -0.087151 -3.174539 -0.166142 0.914110 -0.369864 33.509243 0.026442 0.379072 0.924989 72.189476 0.000000 0.000000 0.000000 1.000000
0.970708 0.211297 -0.114366 -3.391907 -0.238989 0.898093 -0.369207 32.438400 0.024699 0.385725 0.922283 74.902145 0.000000 0.000000 0.000000 1.000000
0.951981 0.271508 -0.141475 -3.586431 -0.305540 0.871845 -0.382795 31.721636 0.019413 0.407640 0.912936 77.584190 0.000000 0.000000 0.000000 1.000000
0.955659 0.267598 -0.122913 -3.800708 -0.294445 0.862175 -0.412258 31.124834 -0.004347 0.430169 0.902738 80.230179 0.000000 0.000000 0.000000 1.000000
0.961866 0.253840 -0.101881 -3.909443 -0.272818 0.863652 -0.423881 31.113556 -0.019608 0.435511 0.899970 83.188652 0.000000 0.000000 0.000000 1.000000
0.965027 0.237530 -0.110912 -3.890806 -0.262149 0.874200 -0.408721 31.521618 -0.000125 0.423502 0.905895 86.594681 0.000000 0.000000 0.000000 1.000000
0.971933 0.183674 -0.147006 -3.840945 -0.227809 0.890799 -0.393168 32.260193 0.058738 0.415622 0.907639 90.188309 0.000000 0.000000 0.000000 1.000000
0.977493 0.096179 -0.187768 -3.742798 -0.163670 0.907311 -0.387297 33.261513 0.133114 0.409312 0.902632 93.875710 0.000000 0.000000 0.000000 1.000000
0.982277 0.020906 -0.186267 -3.665822 -0.091394 0.921042 -0.378587 34.264580 0.163645 0.388901 0.906629 97.584625 0.000000 0.000000 0.000000 1.000000
0.991461 -0.034054 -0.125882 -3.619623 -0.014616 0.930200 -0.366762 35.023956 0.129585 0.365470 0.921759 101.364388 0.000000 0.000000 0.000000 1.000000
0.995427 -0.092033 -0.025574 -3.679079 0.076283 0.927066 -0.367056 35.136723 0.057490 0.363427 0.929847 105.306786 0.000000 0.000000 0.000000 1.000000
0.988606 -0.133657 0.069240 -3.811838 0.150033 0.912189 -0.381314 34.830658 -0.012195 0.387358 0.921849 109.520767 0.000000 0.000000 0.000000 1.000000
0.987251 -0.129235 0.092915 -3.751969 0.156233 0.898407 -0.410435 34.205353 -0.030433 0.419719 0.907144 113.828712 0.000000 0.000000 0.000000 1.000000
0.992607 -0.111822 0.047201 -3.505531 0.121310 0.901127 -0.416238 33.313721 0.004011 0.418886 0.908030 117.773514 0.000000 0.000000 0.000000 1.000000
0.992194 -0.121779 0.026845 -3.326477 0.122348 0.909006 -0.398421 32.522438 0.024117 0.398596 0.916810 120.807281 0.000000 0.000000 0.000000 1.000000
0.989988 -0.132463 0.048763 -3.153573 0.140937 0.908524 -0.393345 32.179440 0.007802 0.396280 0.918097 123.635223 0.000000 0.000000 0.000000 1.000000
0.991630 -0.118728 0.050734 -2.906433 0.129074 0.901811 -0.412404 32.644154 0.003211 0.415500 0.909587 126.255310 0.000000 0.000000 0.000000 1.000000
0.995277 -0.089748 0.037009 -2.614311 0.096937 0.898138 -0.428896 33.462406 0.005253 0.430458 0.902596 128.795547 0.000000 0.000000 0.000000 1.000000
0.998487 -0.038769 0.038985 -2.283907 0.051724 0.902765 -0.427013 34.493450 -0.018639 0.428384 0.903405 131.395691 0.000000 0.000000 0.000000 1.000000
0.998115 0.021330 0.057551 -1.939876 0.005619 0.901975 -0.431752 35.556690 -0.061119 0.431261 0.900155 134.215317 0.000000 0.000000 0.000000 1.000000
0.995481 0.078078 0.054048 -1.579821 -0.044990 0.889025 -0.455642 36.594475 -0.083626 0.451151 0.888521 137.344650 0.000000 0.000000 0.000000 1.000000
0.993542 0.113132 0.008717 -1.251299 -0.095645 0.876340 -0.472101 37.370205 -0.061049 0.468219 0.881501 140.551865 0.000000 0.000000 0.000000 1.000000
0.991366 0.117590 -0.058024 -0.990371 -0.131019 0.870399 -0.474595 37.570438 -0.005304 0.478099 0.878290 143.800568 0.000000 0.000000 0.000000 1.000000
0.987587 0.106900 -0.115082 -0.776692 -0.149044 0.869009 -0.471814 37.320076 0.049570 0.483110 0.874155 146.921249 0.000000 0.000000 0.000000 1.000000
0.984515 0.102951 -0.141882 -0.577485 -0.158576 0.868034 -0.470500 36.750576 0.074720 0.485714 0.870919 149.963043 0.000000 0.000000 0.000000 1.000000
0.982000 0.108711 -0.154459 -0.387942 -0.168328 0.874660 -0.454572 36.032764 0.085682 0.472389 0.877215 153.075043 0.000000 0.000000 0.000000 1.000000
0.980822 0.097486 -0.168775 -0.202801 -0.160001 0.897212 -0.411594 35.259880 0.111303 0.430704 0.895603 156.436539 0.000000 0.000000 0.000000 1.000000
0.982858 0.072488 -0.169516 -0.107247 -0.131380 0.920438 -0.368148 34.357376 0.129343 0.384108 0.914184 159.937164 0.000000 0.000000 0.000000 1.000000
0.976593 0.097539 -0.191710 -0.099230 -0.161317 0.921673 -0.352838 33.379238 0.142278 0.375505 0.915834 163.230881 0.000000 0.000000 0.000000 1.000000
0.959247 0.169289 -0.226242 -0.160959 -0.241620 0.906546 -0.346114 32.479336 0.146505 0.386673 0.910505 165.761108 0.000000 0.000000 0.000000 1.000000
0.958502 0.190161 -0.212396 -0.193478 -0.257725 0.896472 -0.360440 31.835875 0.121865 0.400222 0.908279 168.167633 0.000000 0.000000 0.000000 1.000000
0.963887 0.192088 -0.184455 -0.105896 -0.250673 0.888268 -0.384893 31.595936 0.089912 0.417231 0.904342 170.741196 0.000000 0.000000 0.000000 1.000000
0.967546 0.176469 -0.180871 0.034877 -0.235971 0.887033 -0.396851 31.594971 0.090407 0.426652 0.899886 173.721222 0.000000 0.000000 0.000000 1.000000
0.970708 0.136407 -0.197786 0.198517 -0.208171 0.888523 -0.408890 31.908978 0.119962 0.438086 0.890893 177.045959 0.000000 0.000000 0.000000 1.000000</float_array>
        <technique_common>
          <accessor source="#mixamorig_Hips-Matrix-animation-output-transform-array" count="56" stride="16">
            <param type="float4x4"/>
          </accessor>
        </technique_common>
      </source>
      <source id="mixamorig_Hips-Interpolations">
        <Name_array id="mixamorig_Hips-Interpolations-array" count="56">
 LINEAR LINEAR LINEAR LINEAR LINEAR LINEAR LINEAR LINEAR LINEAR LINEAR LINEAR
LINEAR LINEAR LINEAR LINEAR LINEAR LINEAR LINEAR LINEAR LINEAR LINEAR LINEAR LINEAR
LINEAR LINEAR LINEAR LINEAR LINEAR LINEAR LINEAR LINEAR LINEAR LINEAR LINEAR LINEAR
LINEAR LINEAR LINEAR LINEAR LINEAR LINEAR LINEAR LINEAR LINEAR LINEAR LINEAR LINEAR
LINEAR LINEAR LINEAR LINEAR LINEAR LINEAR LINEAR LINEAR LINEAR</Name_array>
        <technique_common>
          <accessor source="#mixamorig_Hips-Interpolations-array" count="56">
            <param type="name"/>
          </accessor>
        </technique_common>
      </source>
      <sampler id="mixamorig_Hips-Matrix-animation-transform">
        <input semantic="INPUT" source="#mixamorig_Hips-Matrix-animation-input"/>
        <input semantic="OUTPUT" source="#mixamorig_Hips-Matrix-animation-output-transform"/>
        <input semantic="INTERPOLATION" source="#mixamorig_Hips-Interpolations"/>
      </sampler>
      <channel source="#mixamorig_Hips-Matrix-animation-transform" target="mixamorig_Hips/matrix"/>
    </animation>
    <animation id="mixamorig_Spine-anim" name="mixamorig_Spine">
      <source id="mixamorig_Spine-Matrix-animation-input">
        <float_array id="mixamorig_Spine-Matrix-animation-input-array" count="56">

0.000000 0.033333 0.066667 0.100000 0.133333 0.166667 0.200000 0.233333 0.266667 0.300000 0.333333 0.366667 0.400000 0.433333 0.466667 0.500000
0.533333 0.566667 0.600000 0.633333 0.666667 0.700000 0.733333 0.766667 0.800000 0.833333 0.866667 0.900000 0.933333 0.966667 1.000000 1.033333
1.066667 1.100000 1.133333 1.166667 1.200000 1.233333 1.266667 1.300000 1.333333 1.366667 1.400000 1.433333 1.466667 1.500000 1.533333 1.566667
1.600000 1.633333 1.666667 1.700000 1.733333 1.766667 1.800000 1.833333</float_array>
        <technique_common>
          <accessor source="#mixamorig_Spine-Matrix-animation-input-array" count="56">
            <param name="TIME" type="float"/>
          </accessor>
        </technique_common>
      </source>
      <source id="mixamorig_Spine-Matrix-animation-output-transform">
        <float_array id="mixamorig_Spine-Matrix-animation-output-transform-array" count="896">

0.960639 -0.242421 0.135666 0.000000 0.235134 0.969608 0.067622 3.517000 -0.147936 -0.033061 0.988444 -0.703900 0.000000 0.000000 0.000000 1.000000
0.961638 -0.168950 0.216120 0.000000 0.159839 0.985373 0.059098 3.517000 -0.222943 -0.022286 0.974577 -0.703900 0.000000 0.000000 0.000000 1.000000
0.959555 -0.107218 0.260305 -0.000000 0.099834 0.994140 0.041465 3.517000 -0.263225 -0.013801 0.964636 -0.703900 0.000000 0.000000 0.000000 1.000000
0.955162 -0.059856 0.289969 -0.000000 0.055502 0.998188 0.023223 3.517000 -0.290834 -0.006088 0.956754 -0.703900 0.000000 0.000000 0.000000 1.000000
0.950284 -0.018093 0.310860 0.000000 0.017679 0.999835 0.004150 3.517000 -0.310884 0.001552 0.950447 -0.703900 0.000000 0.000000 0.000000 1.000000
0.948226 -0.003543 0.317577 0.000000 0.006396 0.999948 -0.007942 3.517000 -0.317532 0.009562 0.948199 -0.703900 0.000000 0.000000 0.000000 1.000000
0.948469 -0.004596 0.316836 0.000000 0.009823 0.999841 -0.014904 3.517000 -0.316717 0.017248 0.948363 -0.703900 0.000000 0.000000 0.000000 1.000000
0.952389 0.009356 0.304741 0.000000 0.001453 0.999378 -0.035224 3.517000 -0.304881 0.033989 0.951784 -0.703900 0.000000 0.000000 0.000000 1.000000
0.957506 0.034128 0.286387 0.000000 -0.019707 0.998395 -0.053086 3.517000 -0.287740 0.045186 0.956642 -0.703900 0.000000 0.000000 0.000000 1.000000
0.965098 0.069062 0.252619 -0.000000 -0.059982 0.997252 -0.043477 3.517000 -0.254928 0.026807 0.966588 -0.703900 0.000000 0.000000 0.000000 1.000000
0.974834 0.126927 0.183271 0.000000 -0.118126 0.991291 -0.058209 3.517000 -0.189064 0.035095 0.981338 -0.703900 0.000000 0.000000 0.000000 1.000000
0.983288 0.140846 0.115358 0.000000 -0.133897 0.988798 -0.065960 3.517000 -0.123356 0.049412 0.991132 -0.703900 0.000000 0.000000 0.000000 1.000000
0.992632 0.101214 0.066611 -0.000000 -0.096192 0.992554 -0.074720 3.517000 -0.073678 0.067762 0.994977 -0.703900 0.000000 0.000000 0.000000 1.000000
0.998504 0.050936 0.019862 0.000000 -0.049414 0.996267 -0.070782 3.517000 -0.023393 0.069694 0.997294 -0.703900 0.000000 0.000000 0.000000 1.000000
0.998236 -0.021575 -0.055320 0.000000 0.019324 0.998976 -0.040912 3.517000 0.056146 0.039771 0.997630 -0.703900 0.000000 0.000000 0.000000 1.000000
0.985216 -0.095084 -0.142507 0.000000 0.096128 0.995369 0.000447 3.517000 0.141805 -0.014140 0.989794 -0.703900 0.000000 0.000000 0.000000 1.000000
0.967387 -0.142843 -0.209185 0.000000 0.148774 0.988788 0.012818 3.517000 0.205009 -0.043522 0.977792 -0.703900 0.000000 0.000000 0.000000 1.000000
0.946152 -0.180738 -0.268569 0.000000 0.188860 0.981994 0.004493 3.517000 0.262921 -0.054973 0.963250 -0.703900 0.000000 0.000000 0.000000 1.000000
0.925336 -0.187827 -0.329354 0.000000 0.209560 0.977291 0.031430 3.517000 0.315971 -0.098102 0.943683 -0.703900 0.000000 0.000000 0.000000 1.000000
0.916772 -0.173448 -0.359784 0.000000 0.207995 0.976330 0.059316 3.517000 0.340979 -0.129212 0.931148 -0.703900 0.000000 0.000000 0.000000 1.000000
0.921219 -0.174780 -0.347574 0.000000 0.208086 0.976231 0.060609 3.517000 0.328719 -0.128160 0.935692 -0.703900 0.000000 0.000000 0.000000 1.000000
0.928189 -0.173664 -0.329100 0.000000 0.197128 0.979600 0.039048 3.517000 0.315605 -0.101119 0.943488 -0.703900 0.000000 0.000000 0.000000 1.000000
0.933348 -0.184436 -0.307969 -0.000000 0.196254 0.980524 0.007564 3.517000 0.300576 -0.067500 0.951366 -0.703900 0.000000 0.000000 0.000000 1.000000
0.925895 -0.256231 -0.277605 -0.000000 0.256988 0.965805 -0.034312 3.517000 0.276904 -0.039572 0.960082 -0.703900 0.000000 0.000000 0.000000 1.000000
0.917814 -0.321928 -0.232336 -0.000000 0.316072 0.946637 -0.063069 3.517000 0.240242 -0.015549 0.970589 -0.703900 0.000000 0.000000 0.000000 1.000000
0.931529 -0.324583 -0.164008 0.000000 0.322319 0.945743 -0.040989 3.517000 0.168413 -0.014680 0.985607 -0.703900 0.000000 0.000000 0.000000 1.000000
0.944054 -0.318378 -0.086005 0.000000 0.318041 0.947907 -0.017954 3.517000 0.087241 -0.010403 0.996133 -0.703900 0.000000 0.000000 0.000000 1.000000
0.951444 -0.307593 -0.011888 -0.000000 0.307356 0.951418 -0.018308 3.517000 0.016942 0.013765 0.999762 -0.703900 0.000000 0.000000 0.000000 1.000000
0.964861 -0.256710 0.056067 0.000000 0.258283 0.965801 -0.022770 3.517000 -0.048304 0.036451 0.998167 -0.703900 0.000000 0.000000 0.000000 1.000000
0.978230 -0.169603 0.119586 0.000000 0.173209 0.984675 -0.020350 3.517000 -0.114302 0.040620 0.992615 -0.703900 0.000000 0.000000 0.000000 1.000000
0.980306 -0.100724 0.169865 -0.000000 0.108627 0.993361 -0.037867 3.517000 -0.164923 0.055573 0.984740 -0.703900 0.000000 0.000000 0.000000 1.000000
0.977331 -0.057988 0.203621 0.000000 0.071975 0.995480 -0.061967 3.517000 -0.199107 0.075218 0.977087 -0.703900 0.000000 0.000000 0.000000 1.000000
0.974482 0.002637 0.224452 0.000000 0.010115 0.998399 -0.055646 3.517000 -0.224239 0.056496 0.972895 -0.703900 0.000000 0.000000 0.000000 1.000000
0.967473 0.074002 0.241910 0.000000 -0.077894 0.996940 0.006552 3.517000 -0.240685 -0.025182 0.970277 -0.703900 0.000000 0.000000 0.000000 1.000000
0.960588 0.094215 0.261524 -0.000000 -0.126757 0.985764 0.110459 3.517000 -0.247394 -0.139255 0.958856 -0.703900 0.000000 0.000000 0.000000 1.000000
0.958779 0.081012 0.272359 0.000000 -0.120244 0.984121 0.130569 3.517000 -0.257456 -0.157936 0.953296 -0.703900 0.000000 0.000000 0.000000 1.000000
0.955900 0.105999 0.273898 -0.000000 -0.120840 0.991950 0.037843 3.517000 -0.267682 -0.069272 0.961014 -0.703900 0.000000 0.000000 0.000000 1.000000
0.956083 0.120711 0.267086 -0.000000 -0.123467 0.992327 -0.006515 3.517000 -0.265823 -0.026747 0.963651 -0.703900 0.000000 0.000000 0.000000 1.000000
0.964696 0.108095 0.240162 -0.000000 -0.110727 0.993848 -0.002551 3.517000 -0.238960 -0.024131 0.970730 -0.703900 0.000000 0.000000 0.000000 1.000000
0.979400 0.076332 0.186946 0.000000 -0.077550 0.996988 -0.000804 3.517000 -0.186444 -0.013711 0.982370 -0.703900 0.000000 0.000000 0.000000 1.000000
0.995724 0.011270 0.091688 0.000000 -0.010514 0.999907 -0.008724 3.517000 -0.091778 0.007722 0.995750 -0.703900 0.000000 0.000000 0.000000 1.000000
0.996710 -0.069617 -0.041504 -0.000000 0.068918 0.997459 -0.018046 3.517000 0.042655 0.015126 0.998975 -0.703900 0.000000 0.000000 0.000000 1.000000
0.978904 -0.145934 -0.143006 0.000000 0.144739 0.989292 -0.018782 3.517000 0.144216 -0.002313 0.989544 -0.703900 0.000000 0.000000 0.000000 1.000000
0.962697 -0.191866 -0.190792 0.000000 0.196395 0.980512 0.004940 3.517000 0.186126 -0.042226 0.981618 -0.703900 0.000000 0.000000 0.000000 1.000000
0.957959 -0.198968 -0.206703 0.000000 0.209389 0.977384 0.029599 3.517000 0.196139 -0.071636 0.977956 -0.703900 0.000000 0.000000 0.000000 1.000000
0.957412 -0.184711 -0.221912 -0.000000 0.199482 0.978826 0.045902 3.517000 0.208734 -0.088214 0.973986 -0.703900 0.000000 0.000000 0.000000 1.000000
0.952197 -0.172239 -0.252301 0.000000 0.191792 0.979900 0.054883 3.517000 0.237776 -0.100649 0.966091 -0.703900 0.000000 0.000000 0.000000 1.000000
0.945478 -0.173897 -0.275376 0.000000 0.194866 0.979529 0.050492 3.517000 0.260959 -0.101401 0.960010 -0.703900 0.000000 0.000000 0.000000 1.000000
0.947935 -0.165060 -0.272348 0.000000 0.186428 0.980964 0.054356 3.517000 0.258192 -0.102299 0.960662 -0.703900 0.000000 0.000000 0.000000 1.000000
0.954010 -0.146287 -0.261659 0.000000 0.167373 0.984062 0.060078 3.517000 0.248700 -0.101110 0.963289 -0.703900 0.000000 0.000000 0.000000 1.000000
0.956767 -0.184037 -0.225226 0.000000 0.201255 0.977946 0.055840 3.517000 0.209982 -0.098754 0.972705 -0.703900 0.000000 0.000000 0.000000 1.000000
0.952202 -0.262311 -0.156538 0.000000 0.273219 0.960523 0.052405 3.517000 0.136612 -0.092669 0.986281 -0.703900 0.000000 0.000000 0.000000 1.000000
0.956490 -0.273895 -0.100545 0.000000 0.280819 0.957723 0.062508 3.517000 0.079173 -0.088023 0.992967 -0.703900 0.000000 0.000000 0.000000 1.000000
0.962693 -0.267094 -0.043388 0.000000 0.269728 0.960020 0.074896 3.517000 0.021649 -0.083805 0.996247 -0.703900 0.000000 0.000000 0.000000 1.000000
0.960997 -0.273041 0.043974 -0.000000 0.269306 0.960064 0.075837 3.517000 -0.062924 -0.061037 0.996150 -0.703900 0.000000 0.000000 0.000000 1.000000
0.960639 -0.242421 0.135667 0.000000 0.235134 0.969608 0.067621 3.517000 -0.147936 -0.033060 0.988444 -0.703900 0.000000 0.000000 0.000000 1.000000</float_array>
        <technique_common>
          <accessor source="#mixamorig_Spine-Matrix-animation-output-transform-array" count="56" stride="16">
            <param type="float4x4"/>
          </accessor>
        </technique_common>
      </source>
      <source id="mixamorig_Spine-Interpolations">
        <Name_array id="mixamorig_Spine-Interpolations-array" count="56">
 LINEAR LINEAR LINEAR LINEAR LINEAR LINEAR LINEAR LINEAR LINEAR LINEAR LINEAR
LINEAR LINEAR LINEAR LINEAR LINEAR LINEAR LINEAR LINEAR LINEAR LINEAR LINEAR LINEAR
LINEAR LINEAR LINEAR LINEAR LINEAR LINEAR LINEAR LINEAR LINEAR LINEAR LINEAR LINEAR
LINEAR LINEAR LINEAR LINEAR LINEAR LINEAR LINEAR LINEAR LINEAR LINEAR LINEAR LINEAR
LINEAR LINEAR LINEAR LINEAR LINEAR LINEAR LINEAR LINEAR LINEAR</Name_array>
        <technique_common>
          <accessor source="#mixamorig_Spine-Interpolations-array" count="56">
            <param type="name"/>
          </accessor>
        </technique_common>
      </source>
      <sampler id="mixamorig_Spine-Matrix-animation-transform">
        <input semantic="INPUT" source="#mixamorig_Spine-Matrix-animation-input"/>
        <input semantic="OUTPUT" source="#mixamorig_Spine-Matrix-animation-output-transform"/>
        <input semantic="INTERPOLATION" source="#mixamorig_Spine-Interpolations"/>
      </sampler>
      <channel source="#mixamorig_Spine-Matrix-animation-transform" target="mixamorig_Spine/matrix"/>
    </animation>
    <animation id="mixamorig_Spine1-anim" name="mixamorig_Spine1">
      <source id="mixamorig_Spine1-Matrix-animation-input">
        <float_array id="mixamorig_Spine1-Matrix-animation-input-array" count="56">

0.000000 0.033333 0.066667 0.100000 0.133333 0.166667 0.200000 0.233333 0.266667 0.300000 0.333333 0.366667 0.400000 0.433333 0.466667 0.500000
0.533333 0.566667 0.600000 0.633333 0.666667 0.700000 0.733333 0.766667 0.800000 0.833333 0.866667 0.900000 0.933333 0.966667 1.000000 1.033333
1.066667 1.100000 1.133333 1.166667 1.200000 1.233333 1.266667 1.300000 1.333333 1.366667 1.400000 1.433333 1.466667 1.500000 1.533333 1.566667
1.600000 1.633333 1.666667 1.700000 1.733333 1.766667 1.800000 1.833333</float_array>
        <technique_common>
          <accessor source="#mixamorig_Spine1-Matrix-animation-input-array" count="56">
            <param name="TIME" type="float"/>
          </accessor>
        </technique_common>
      </source>
      <source id="mixamorig_Spine1-Matrix-animation-output-transform">
        <float_array id="mixamorig_Spine1-Matrix-animation-output-transform-array" count="896">

0.999004 -0.030820 0.032263 -0.000000 0.030926 0.999518 -0.002793 4.184500 -0.032162 0.003788 0.999476 0.000000 0.000000 0.000000 0.000000 1.000000
0.997446 -0.018829 0.068894 0.000000 0.018899 0.999821 -0.000360 4.184500 -0.068875 0.001661 0.997624 0.000000 0.000000 0.000000 0.000000 1.000000
0.995574 -0.006105 0.093780 -0.000000 0.006029 0.999981 0.001093 4.184500 -0.093785 -0.000522 0.995592 0.000000 0.000000 0.000000 0.000000 1.000000
0.993541 0.004274 0.113394 0.000000 -0.004474 0.999989 0.001508 4.184500 -0.113386 -0.002006 0.993549 -0.000000 0.000000 0.000000 0.000000 1.000000
0.991662 0.011799 0.128328 0.000000 -0.011916 0.999929 0.000145 4.184500 -0.128317 -0.001673 0.991732 -0.000000 0.000000 0.000000 0.000000 1.000000
0.990473 0.012578 0.137132 -0.000000 -0.012247 0.999920 -0.003253 4.184500 -0.137162 0.001543 0.990547 0.000000 0.000000 0.000000 0.000000 1.000000
0.989818 0.009084 0.142049 0.000000 -0.007764 0.999921 -0.009846 4.184500 -0.142127 0.008643 0.989811 -0.000000 0.000000 0.000000 0.000000 1.000000
0.989920 0.010631 0.141227 0.000000 -0.009203 0.999900 -0.010762 4.184500 -0.141327 0.009354 0.989919 0.000000 0.000000 0.000000 0.000000 1.000000
0.990843 0.014234 0.134270 -0.000000 -0.012719 0.999846 -0.012130 4.184500 -0.134422 0.010311 0.990871 0.000000 0.000000 0.000000 0.000000 1.000000
0.993122 0.011194 0.116545 -0.000000 -0.008672 0.999718 -0.022127 4.184500 -0.116760 0.020964 0.992939 0.000000 0.000000 0.000000 0.000000 1.000000
0.995654 0.006777 0.092879 -0.000000 -0.004700 0.999734 -0.022565 4.184500 -0.093007 0.022030 0.995422 0.000000 0.000000 0.000000 0.000000 1.000000
0.997768 0.012546 0.065594 0.000000 -0.010762 0.999564 -0.027477 4.184500 -0.065910 0.026710 0.997468 0.000000 0.000000 0.000000 0.000000 1.000000
0.998860 0.025684 0.040249 0.000000 -0.024659 0.999364 -0.025761 4.184500 -0.040885 0.024739 0.998858 0.000000 0.000000 0.000000 0.000000 1.000000
0.999667 0.018433 0.018043 -0.000000 -0.018029 0.999589 -0.022303 4.184500 -0.018447 0.021971 0.999588 0.000000 0.000000 0.000000 0.000000 1.000000
0.999883 0.004606 -0.014563 0.000000 -0.004834 0.999865 -0.015692 4.184500 0.014489 0.015760 0.999771 0.000000 0.000000 0.000000 0.000000 1.000000
0.998687 -0.007734 -0.050633 -0.000000 0.007249 0.999926 -0.009754 4.184500 0.050705 0.009375 0.998670 -0.000000 0.000000 0.000000 0.000000 1.000000
0.996426 -0.018338 -0.082461 -0.000000 0.017863 0.999819 -0.006495 4.184500 0.082566 0.004999 0.996573 -0.000000 0.000000 0.000000 0.000000 1.000000
0.992528 -0.034185 -0.117127 0.000000 0.034046 0.999415 -0.003189 4.184500 0.117168 -0.000823 0.993112 0.000000 0.000000 0.000000 0.000000 1.000000
0.987303 -0.049483 -0.150944 0.000000 0.049605 0.998765 -0.002955 4.184500 0.150904 -0.004570 0.988538 0.000000 0.000000 0.000000 0.000000 1.000000
0.984170 -0.055409 -0.168340 0.000000 0.056060 0.998427 -0.000883 4.184500 0.168124 -0.008568 0.985729 0.000000 0.000000 0.000000 0.000000 1.000000
0.984721 -0.047058 -0.167658 0.000000 0.045963 0.998889 -0.010412 4.184500 0.167962 0.002546 0.985790 0.000000 0.000000 0.000000 0.000000 1.000000
0.986242 -0.039707 -0.160467 0.000000 0.036451 0.999066 -0.023187 4.184500 0.161238 0.017019 0.986769 0.000000 0.000000 0.000000 0.000000 1.000000
0.987121 -0.042390 -0.154259 -0.000000 0.039086 0.998938 -0.024390 4.184500 0.155129 0.018046 0.987729 -0.000000 0.000000 0.000000 0.000000 1.000000
0.987116 -0.054893 -0.150296 0.000000 0.051070 0.998269 -0.029180 4.184500 0.151638 0.021128 0.988210 -0.000000 0.000000 0.000000 0.000000 1.000000
0.987292 -0.066482 -0.144345 0.000000 0.061845 0.997422 -0.036382 4.184500 0.146392 0.026992 0.988858 -0.000000 0.000000 0.000000 0.000000 1.000000
0.989708 -0.068038 -0.125894 0.000000 0.064326 0.997372 -0.033324 4.184500 0.127830 0.024883 0.991484 -0.000000 0.000000 0.000000 0.000000 1.000000
0.992493 -0.063821 -0.104330 0.000000 0.061370 0.997762 -0.026537 4.184500 0.105791 0.019935 0.994189 0.000000 0.000000 0.000000 0.000000 1.000000
0.994638 -0.056766 -0.086446 0.000000 0.054893 0.998206 -0.023895 4.184500 0.087647 0.019022 0.995970 -0.000000 0.000000 0.000000 0.000000 1.000000
0.996500 -0.046605 -0.069389 -0.000000 0.045181 0.998738 -0.021949 4.184500 0.070325 0.018737 0.997348 -0.000000 0.000000 0.000000 0.000000 1.000000
0.997763 -0.036674 -0.055893 -0.000000 0.035550 0.999148 -0.020967 4.184500 0.056615 0.018933 0.998217 0.000000 0.000000 0.000000 0.000000 1.000000
0.999340 -0.018265 -0.031394 0.000000 0.017962 0.999790 -0.009893 4.184500 0.031568 0.009322 0.999458 0.000000 0.000000 0.000000 0.000000 1.000000
0.999896 0.004651 -0.013664 0.000000 -0.004616 0.999986 0.002657 4.184500 0.013677 -0.002594 0.999903 0.000000 0.000000 0.000000 0.000000 1.000000
0.999848 0.015554 -0.007828 -0.000000 -0.015515 0.999867 0.005059 4.184500 0.007905 -0.004937 0.999957 -0.000000 0.000000 0.000000 0.000000 1.000000
0.999963 0.005191 -0.006835 0.000000 -0.005281 0.999899 -0.013159 4.184500 0.006766 0.013195 0.999890 0.000000 0.000000 0.000000 0.000000 1.000000
0.999891 -0.014031 0.004665 0.000000 0.014220 0.998959 -0.043338 4.184500 -0.004052 0.043399 0.999050 0.000000 0.000000 0.000000 0.000000 1.000000
0.999510 -0.026102 0.017249 0.000000 0.026875 0.998571 -0.046190 4.184500 -0.016018 0.046631 0.998784 -0.000000 0.000000 0.000000 0.000000 1.000000
0.999372 -0.031867 0.015528 0.000000 0.032044 0.999422 -0.011348 4.184500 -0.015157 0.011838 0.999815 0.000000 0.000000 0.000000 0.000000 1.000000
0.999386 -0.033910 0.008865 -0.000000 0.033926 0.999423 -0.001737 4.184500 -0.008801 0.002037 0.999959 0.000000 0.000000 0.000000 0.000000 1.000000
0.999173 -0.040250 -0.005733 -0.000000 0.040258 0.999188 0.001319 4.184500 0.005675 -0.001548 0.999983 0.000000 0.000000 0.000000 0.000000 1.000000
0.998686 -0.044719 -0.025034 0.000000 0.044997 0.998930 0.010652 4.184500 0.024531 -0.011764 0.999630 0.000000 0.000000 0.000000 0.000000 1.000000
0.998149 -0.046838 -0.038800 0.000000 0.047474 0.998750 0.015616 4.184500 0.038020 -0.017429 0.999125 0.000000 0.000000 0.000000 0.000000 1.000000
0.997805 -0.047175 -0.046483 -0.000000 0.048124 0.998651 0.019506 4.184500 0.045500 -0.021700 0.998729 0.000000 0.000000 0.000000 0.000000 1.000000
0.997004 -0.047718 -0.060873 0.000000 0.049235 0.998507 0.023671 4.184500 0.059652 -0.026597 0.997865 -0.000000 0.000000 0.000000 0.000000 1.000000
0.995265 -0.049148 -0.083858 0.000000 0.050388 0.998648 0.012739 4.184500 0.083118 -0.016904 0.996396 0.000000 0.000000 0.000000 0.000000 1.000000
0.992644 -0.052866 -0.108913 0.000000 0.053168 0.998586 -0.000137 4.184500 0.108766 -0.005655 0.994051 0.000000 0.000000 0.000000 0.000000 1.000000
0.989645 -0.059050 -0.130827 -0.000000 0.058606 0.998255 -0.007241 4.184500 0.131026 -0.000501 0.991379 0.000000 0.000000 0.000000 0.000000 1.000000
0.987389 -0.064225 -0.144698 0.000000 0.064295 0.997922 -0.004202 4.184500 0.144667 -0.005154 0.989467 0.000000 0.000000 0.000000 0.000000 1.000000
0.986279 -0.065058 -0.151728 0.000000 0.065870 0.997828 0.000326 4.184500 0.151377 -0.010316 0.988422 0.000000 0.000000 0.000000 0.000000 1.000000
0.986746 -0.060964 -0.150382 0.000000 0.061093 0.998125 -0.003769 4.184500 0.150330 -0.005469 0.988621 0.000000 0.000000 0.000000 0.000000 1.000000
0.988461 -0.047856 -0.143720 0.000000 0.047393 0.998854 -0.006642 4.184500 0.143873 -0.000246 0.989596 0.000000 0.000000 0.000000 0.000000 1.000000
0.990917 -0.043119 -0.127372 0.000000 0.042624 0.999069 -0.006614 4.184500 0.127539 0.001125 0.991833 0.000000 0.000000 0.000000 0.000000 1.000000
0.993722 -0.052485 -0.098798 0.000000 0.051516 0.998596 -0.012331 4.184500 0.099307 0.007164 0.995031 0.000000 0.000000 0.000000 0.000000 1.000000
0.996262 -0.050996 -0.069720 0.000000 0.050184 0.998651 -0.013352 4.184500 0.070307 0.009804 0.997477 -0.000000 0.000000 0.000000 0.000000 1.000000
0.998008 -0.047572 -0.041440 0.000000 0.047295 0.998852 -0.007649 4.184500 0.041756 0.005674 0.999112 0.000000 0.000000 0.000000 0.000000 1.000000
0.999231 -0.038970 -0.004352 0.000000 0.038958 0.999237 -0.002844 4.184500 0.004460 0.002672 0.999986 0.000000 0.000000 0.000000 0.000000 1.000000
0.999004 -0.030820 0.032263 -0.000000 0.030926 0.999518 -0.002792 4.184500 -0.032162 0.003787 0.999476 -0.000000 0.000000 0.000000 0.000000 1.000000</float_array>
        <technique_common>
          <accessor source="#mixamorig_Spine1-Matrix-animation-output-transform-array" count="56" stride="16">
            <param type="float4x4"/>
          </accessor>
        </technique_common>
      </source>
      <source id="mixamorig_Spine1-Interpolations">
        <Name_array id="mixamorig_Spine1-Interpolations-array" count="56">
 LINEAR LINEAR LINEAR LINEAR LINEAR LINEAR LINEAR LINEAR LINEAR LINEAR LINEAR
LINEAR LINEAR LINEAR LINEAR LINEAR LINEAR LINEAR LINEAR LINEAR LINEAR LINEAR LINEAR
LINEAR LINEAR LINEAR LINEAR LINEAR LINEAR LINEAR LINEAR LINEAR LINEAR LINEAR LINEAR
LINEAR LINEAR LINEAR LINEAR LINEAR LINEAR LINEAR LINEAR LINEAR LINEAR LINEAR LINEAR
LINEAR LINEAR LINEAR LINEAR LINEAR LINEAR LINEAR LINEAR LINEAR</Name_array>
        <technique_common>
          <accessor source="#mixamorig_Spine1-Interpolations-array" count="56">
            <param type="name"/>
          </accessor>
        </technique_common>
      </source>
      <sampler id="mixamorig_Spine1-Matrix-animation-transform">
        <input semantic="INPUT" source="#mixamorig_Spine1-Matrix-animation-input"/>
        <input semantic="OUTPUT" source="#mixamorig_Spine1-Matrix-animation-output-transform"/>
        <input semantic="INTERPOLATION" source="#mixamorig_Spine1-Interpolations"/>
      </sampler>
      <channel source="#mixamorig_Spine1-Matrix-animation-transform" target="mixamorig_Spine1/matrix"/>
    </animation>
    <animation id="mixamorig_Spine2-anim" name="mixamorig_Spine2">
      <source id="mixamorig_Spine2-Matrix-animation-input">
        <float_array id="mixamorig_Spine2-Matrix-animation-input-array" count="56">

0.000000 0.033333 0.066667 0.100000 0.133333 0.166667 0.200000 0.233333 0.266667 0.300000 0.333333 0.366667 0.400000 0.433333 0.466667 0.500000
0.533333 0.566667 0.600000 0.633333 0.666667 0.700000 0.733333 0.766667 0.800000 0.833333 0.866667 0.900000 0.933333 0.966667 1.000000 1.033333
1.066667 1.100000 1.133333 1.166667 1.200000 1.233333 1.266667 1.300000 1.333333 1.366667 1.400000 1.433333 1.466667 1.500000 1.533333 1.566667
1.600000 1.633333 1.666667 1.700000 1.733333 1.766667 1.800000 1.833333</float_array>
        <technique_common>
          <accessor source="#mixamorig_Spine2-Matrix-animation-input-array" count="56">
            <param name="TIME" type="float"/>
          </accessor>
        </technique_common>
      </source>
      <source id="mixamorig_Spine2-Matrix-animation-output-transform">
        <float_array id="mixamorig_Spine2-Matrix-animation-output-transform-array" count="896">

0.999028 -0.030784 0.031556 0.000000 0.030907 0.999516 -0.003409 4.782300 -0.031435 0.004381 0.999496 0.000000 0.000000 0.000000 0.000000 1.000000
0.997462 -0.016583 0.069248 0.000000 0.016714 0.999859 -0.001314 4.782300 -0.069217 0.002468 0.997599 0.000000 0.000000 0.000000 0.000000 1.000000
0.995558 -0.003659 0.094078 0.000000 0.003670 0.999993 0.000056 4.782300 -0.094077 0.000289 0.995565 0.000000 0.000000 0.000000 0.000000 1.000000
0.993543 0.006196 0.113283 0.000000 -0.006287 0.999980 0.000445 4.782300 -0.113278 -0.001154 0.993563 0.000000 0.000000 0.000000 0.000000 1.000000
0.991710 0.013504 0.127789 0.000000 -0.013494 0.999909 -0.000938 4.782300 -0.127789 -0.000794 0.991801 0.000000 0.000000 0.000000 0.000000 1.000000
0.990486 0.013993 0.136900 0.000000 -0.013497 0.999899 -0.004551 4.782300 -0.136950 0.002660 0.990574 -0.000000 0.000000 0.000000 0.000000 1.000000
0.989798 0.010980 0.142055 -0.000000 -0.009426 0.999888 -0.011604 4.782300 -0.142167 0.010146 0.989791 0.000000 0.000000 0.000000 0.000000 1.000000
0.989905 0.012604 0.141170 0.000000 -0.010930 0.999861 -0.012629 4.782300 -0.141310 0.010958 0.989905 0.000000 0.000000 0.000000 0.000000 1.000000
0.990819 0.016414 0.134194 -0.000000 -0.014731 0.999800 -0.013527 4.782300 -0.134389 0.011426 0.990863 0.000000 0.000000 0.000000 0.000000 1.000000
0.993086 0.013163 0.116649 0.000000 -0.010620 0.999693 -0.022393 4.782300 -0.116907 0.020999 0.992921 0.000000 0.000000 0.000000 0.000000 1.000000
0.995578 0.008425 0.093563 -0.000000 -0.006427 0.999745 -0.021645 4.782300 -0.093722 0.020948 0.995378 -0.000000 0.000000 0.000000 0.000000 1.000000
0.997692 0.013676 0.066508 0.000000 -0.011939 0.999579 -0.026456 4.782300 -0.066842 0.025601 0.997435 0.000000 0.000000 0.000000 0.000000 1.000000
0.998818 0.026332 0.040860 0.000000 -0.025313 0.999360 -0.025261 4.782300 -0.041499 0.024197 0.998845 0.000000 0.000000 0.000000 0.000000 1.000000
0.999654 0.018664 0.018554 -0.000000 -0.018251 0.999587 -0.022216 4.782300 -0.018961 0.021870 0.999581 0.000000 0.000000 0.000000 0.000000 1.000000
0.999885 0.004408 -0.014502 0.000000 -0.004638 0.999864 -0.015848 4.782300 0.014430 0.015914 0.999769 0.000000 0.000000 0.000000 0.000000 1.000000
0.998672 -0.008082 -0.050879 0.000000 0.007598 0.999924 -0.009705 4.782300 0.050953 0.009305 0.998658 0.000000 0.000000 0.000000 0.000000 1.000000
0.996390 -0.018776 -0.082796 -0.000000 0.018321 0.999813 -0.006254 4.782300 0.082898 0.004715 0.996547 0.000000 0.000000 0.000000 0.000000 1.000000
0.992458 -0.034945 -0.117496 0.000000 0.034895 0.999388 -0.002485 4.782300 0.117511 -0.001634 0.993070 0.000000 0.000000 0.000000 0.000000 1.000000
0.987225 -0.050129 -0.151243 0.000000 0.050471 0.998724 -0.001580 4.782300 0.151129 -0.006074 0.988495 -0.000000 0.000000 0.000000 0.000000 1.000000
0.984112 -0.055687 -0.168592 0.000000 0.056592 0.998397 0.000567 4.782300 0.168290 -0.010099 0.985686 0.000000 0.000000 0.000000 0.000000 1.000000
0.984651 -0.047741 -0.167878 0.000000 0.046882 0.998859 -0.009080 4.782300 0.168120 0.001070 0.985766 0.000000 0.000000 0.000000 0.000000 1.000000
0.986158 -0.041486 -0.160532 0.000000 0.038437 0.999018 -0.022052 4.782300 0.161290 0.015576 0.986784 -0.000000 0.000000 0.000000 0.000000 1.000000
0.987043 -0.044174 -0.154258 0.000000 0.041149 0.998894 -0.022752 4.782300 0.155093 0.016110 0.987769 0.000000 0.000000 0.000000 0.000000 1.000000
0.987201 -0.057121 -0.148900 0.000000 0.053863 0.998214 -0.025825 4.782300 0.150109 0.017474 0.988515 0.000000 0.000000 0.000000 0.000000 1.000000
0.987438 -0.069682 -0.141813 0.000000 0.065855 0.997332 -0.031508 4.782300 0.143630 0.021773 0.989392 -0.000000 0.000000 0.000000 0.000000 1.000000
0.989805 -0.070081 -0.123998 -0.000000 0.067078 0.997348 -0.028236 4.782300 0.125648 0.019631 0.991881 -0.000000 0.000000 0.000000 0.000000 1.000000
0.992499 -0.064655 -0.103755 0.000000 0.062693 0.997789 -0.022064 4.782300 0.104952 0.015393 0.994358 0.000000 0.000000 0.000000 0.000000 1.000000
0.994531 -0.057649 -0.087093 0.000000 0.056085 0.998220 -0.020303 4.782300 0.088108 0.015308 0.995993 0.000000 0.000000 0.000000 0.000000 1.000000
0.996377 -0.047698 -0.070414 0.000000 0.046442 0.998733 -0.019360 4.782300 0.071248 0.016019 0.997330 0.000000 0.000000 0.000000 0.000000 1.000000
0.997572 -0.039195 -0.057560 0.000000 0.038152 0.999089 -0.019116 4.782300 0.058256 0.016874 0.998159 0.000000 0.000000 0.000000 0.000000 1.000000
0.999211 -0.021745 -0.033221 0.000000 0.021486 0.999736 -0.008140 4.782300 0.033389 0.007420 0.999415 0.000000 0.000000 0.000000 0.000000 1.000000
0.999865 0.001427 -0.016365 0.000000 -0.001345 0.999986 0.005036 4.782300 0.016372 -0.005013 0.999853 0.000000 0.000000 0.000000 0.000000 1.000000
0.999835 0.013108 -0.012602 -0.000000 -0.013009 0.999885 0.007854 4.782300 0.012703 -0.007689 0.999890 0.000000 0.000000 0.000000 0.000000 1.000000
0.999901 0.004362 -0.013414 0.000000 -0.004518 0.999922 -0.011602 4.782300 0.013362 0.011662 0.999843 -0.000000 0.000000 0.000000 0.000000 1.000000
0.999932 -0.011273 -0.003097 -0.000000 0.011123 0.998940 -0.044666 4.782300 0.003598 0.044629 0.998997 0.000000 0.000000 0.000000 0.000000 1.000000
0.999646 -0.024315 0.010794 -0.000000 0.024797 0.998587 -0.047009 4.782300 -0.009636 0.047260 0.998836 -0.000000 0.000000 0.000000 0.000000 1.000000
0.999421 -0.032114 0.011231 0.000000 0.032253 0.999402 -0.012476 4.782300 -0.010823 0.012831 0.999859 0.000000 0.000000 0.000000 0.000000 1.000000
0.999385 -0.034405 0.006832 0.000000 0.034432 0.999400 -0.003876 4.782300 -0.006694 0.004109 0.999969 0.000000 0.000000 0.000000 0.000000 1.000000
