1.833,30,54,33
B0,mixamorig_Hips,-1,0.968069851398468,-0.24836419522762299,0.02395431511104107,0,0.21977905929088593,0.8943952918052673,0.3888123631477356,0,-0.11818493157625198,-0.37112128734588623,0.9209661483764648,0,-3.4193100929260254,32.33742904663086,75.27996826171875,1
B1,mixamorig_Spine,0,0.9247565865516663,0.2653113305568695,0.2717391848564148,0,-0.26548588275909424,0.9631047248840332,-0.03618783876299858,0,-0.2712276577949524,-0.03836297243833542,0.9615622162818909,0,0,3.5169999599456787,-0.7038999795913696,1
B2,mixamorig_Spine1,1,0.9871407747268677,0.052587900310754776,0.15089896321296692,0,-0.056525569409132004,0.9981496930122375,0.02195410616695881,0,-0.149457648396492,-0.030194589868187904,0.9883013367652893,0,0,4.184500217437744,0,1
B3,mixamorig_Spine2,2,0.987234354019165,0.055552344769239426,0.14919625222682953,0,-0.05889050289988518,0.9980897307395935,0.018079638481140137,0,-0.14790162444114685,-0.026625603437423706,0.9886385798454285,0,0,4.782299995422363,0,1
B4,mixamorig_Neck,3,0.9942981004714966,0.051185231655836105,-0.09347707033157349,0,-0.04541652277112007,0.996964693069458,0.06301644444465637,0,0.09642460942268372,-0.05841575935482979,0.9936055541038513,0,0,5.380099773406982,0,1
B5,mixamorig_Head,4,0.9248349070549011,-0.1990887075662613,-0.32405853271484375,0,-0.03735716640949249,0.7998800277709961,-0.5981903672218323,0,0.37845802307128906,0.5653241276741028,0.7322825789451599,0,0,5.572400093078613,-2.6386001110076904,1
B6,mixamorig_HeadTop_End,5,1,0,0,0,0,1,0,0,0,0,1,0,0,3.6517999172210693,-1.729200005531311,1
B7,mixamorig_LeftShoulder,3,0.09754718095064163,-0.0046498035080730915,-0.9951540231704712,0,0.9213306307792664,-0.37710514664649963,0.09210433065891266,0,-0.37575608491897583,-0.9259762167930603,-0.032299041748046875,0,1.8526999950408936,4.71999979019165,-0.13030000030994415,1
B8,mixamorig_LeftArm,7,0.9767351150512695,0.11239828914403915,-0.1799788773059845,0,0.049318958073854446,0.7086138725280762,0.7024050354957581,0,0.20636045932769775,-0.695019006729126,0.6865524649620056,0,0,3.9923999309539795,0,1
B9,mixamorig_LeftForeArm,8,-0.32213348150253296,0.6333879232406616,-0.7007665038108826,0,-0.7681723833084106,-0.6050911545753479,-0.19379185140132904,0,-0.5479898452758789,0.4758831262588501,0.6862934231758118,0,0,12.99839973449707,0,1
B10,mixamorig_LeftHand,9,0.5009596943855286,0.2034083753824234,0.8409975171089172,0,0.001810774439945817,0.9716477394104004,-0.23601794242858887,0,-0.8653414845466614,0.11958091706037521,0.4864751100540161,0,0,18.090099334716797,0,1
B11,mixamorig_LeftHandIndex1,10,0.9811462759971619,-0.19203682243824005,-0.01659752056002617,0,0.18694281578063965,0.9272513389587402,0.3233860433101654,0,-0.04702295735478401,-0.3203863203525543,0.9458644390106201,0,0,0.8658999800682068,0,1
B12,mixamorig_LeftHandIndex2,11,0.6213743090629578,-0.6025309562683105,-0.5008394718170166,0,0.6121184229850769,-0.025682790204882622,0.7903308868408203,0,-0.4890753924846649,-0.7976643443107605,0.35287177562713623,0,0,0.6370000243186951,0,1
B13,mixamorig_LeftHandIndex3,12,0.9556319117546082,0.2706950008869171,-0.11574512720108032,0,-0.21489566564559937,0.9098700284957886,0.3545200228691101,0,0.20117801427841187,-0.31392014026641846,0.9277492165565491,0,-0.3441999852657318,0.8863999843597412,-0.43130001425743103,1
B14,mixamorig_LeftHandIndex4,13,1,0,0,0,0,1,0,0,0,0,1,0,0.04800000041723251,0.26510000228881836,-0.1436000019311905,1
B15,mixamorig_RightShoulder,3,-0.1256067454814911,-0.06242106854915619,0.9900738000869751,0,-0.9785350561141968,-0.15271712839603424,-0.13394832611083984,0,0.15956489741802216,-0.9856900572776794,-0.04215051606297493,0,-1.8526999950408936,4.720699787139893,-0.13379999995231628,1
B16,mixamorig_RightArm,15,0.5011981129646301,-0.5693944692611694,0.6508396863937378,0,0.1621267944574356,0.8004225492477417,0.5749307870864868,0,-0.8485384583473206,-0.18368792533874512,0.49459487199783325,0,0,3.9923999309539795,0,1
B17,mixamorig_RightForeArm,16,0.9049811959266663,-0.10069511830806732,0.41330987215042114,0,0.1247471272945404,0.9916498064994812,-0.031548935920000076,0,-0.4066678583621979,0.08011023700237274,0.9100415706634521,0,0,13.00730037689209,0,1
B18,mixamorig_RightHand,17,0.5268639922142029,0.503886878490448,-0.6834644675254822,0,-0.21387195587158203,0.857261598110199,0.4674404263496399,0,0.8223659992218018,-0.10065684467554092,0.5593944191932678,0,0,17.855499267578125,0,1
B19,mixamorig_RightHandIndex1,18,-0.8597065806388855,-0.48015156388282776,0.173212930560112,0,-0.45591768622398376,0.8748819231987,0.16236746311187744,0,-0.22963295876979828,0.060647785663604736,-0.9713817238807678,0,0,1.3207999467849731,0,1
B20,mixamorig_RightHandIndex2,19,-0.5660502910614014,-0.8225151896476746,0.05520586669445038,0,0.8111439347267151,-0.5437755584716797,0.2152780443429947,0,-0.14704947173595428,0.16663844883441925,0.974991500377655,0,0,0.8072999715805054,0,1
B21,mixamorig_RightHandIndex3,20,0.9512946605682373,-0.27592018246650696,0.13749772310256958,0,0.29724979400634766,0.9392134547233582,-0.17181159555912018,0,-0.08173341304063797,0.20431503653526306,0.9754872918128967,0,-0.5281999707221985,0.9217000007629395,-0.2653999924659729,1
B22,mixamorig_RightHandIndex4,21,1,0,0,0,0,1,0,0,0,0,1,0,-0.02250000089406967,0.3231000006198883,-0.031700000166893005,1
B23,mixamorig_LeftUpLeg,0,-0.9196969866752625,-0.35840660333633423,0.15928858518600464,0,0.35349583625793457,-0.9312424659729004,-0.04996374249458313,0,0.16532957553863525,0.009827435947954655,0.9835534691810608,0,3.7414000034332275,-1.9503999948501587,0.8169999718666077,1
B24,mixamorig_LeftLeg,23,0.9777984619140625,-0.04550386592745781,0.20051635801792145,0,0.1997719556093216,-0.07962459325790405,-0.9706637859344482,0,0.060536302626132965,0.989154577255249,-0.06882943958044052,0,0,18.044599533081055,0,1
B25,mixamorig_LeftFoot,24,0.9226065874099731,0.01530374214053154,0.38505929708480835,0,-0.3678218126296997,0.33265775442123413,0.8679589629173279,0,-0.11451368778944016,-0.9426955580711365,0.3127270042896271,0,0,14.669099807739258,0,1
B26,mixamorig_LeftToeBase,25,0.994517982006073,-0.0814129039645195,0.06559263914823532,0,0.05559370666742325,0.9431612491607666,0.3276281952857971,0,-0.08853878825902939,-0.3221854865550995,0.9425174593925476,0,0,10.324399948120117,0,1
B27,mixamorig_LeftToe_End,26,1,0,0,0,0,1,0,0,0,0,1,0,0,3.136399984359741,0,1
B28,mixamorig_RightUpLeg,0,-0.9800568222999573,-0.19515223801136017,-0.02094521000981331,0,0.050663068890571594,-0.35489222407341003,0.9334047436714172,0,-0.18964368104934692,0.9137908816337585,0.35817357897758484,0,-3.7414000034332275,-1.9503999948501587,0.19480000436306,1
B29,mixamorig_RightLeg,28,0.9407684206962585,0.09035688638687134,-0.32641151547431946,0,-0.3300231099128723,0.4603617489337921,-0.8218176960945129,0,0.07672805339097977,0.8809924125671387,0.46284615993499756,0,0,17.99180030822754,0,1
B30,mixamorig_RightFoot,29,0.829822301864624,-0.06450778990983963,-0.5533000826835632,0,0.5527697205543518,0.2289300411939621,0.8000215888023376,0,0.07578504085540771,-0.9698488712310791,0.22567792236804962,0,0,13.706600189208984,0,1
B31,mixamorig_RightToeBase,30,0.9929912090301514,0.11530640721321106,-0.02509787306189537,0,-0.10589858889579773,0.964891791343689,0.23995529115200043,0,0.05192305147647858,-0.2355966418981552,0.97035151720047,0,0,9.723199844360352,0,1
B32,mixamorig_RightToe_End,31,1,0,0,0,0,1,0,0,0,0,1,0,0,3.0487000942230225,0,1
@28,0,1,2,3,4,5,7,8,9,10,11,12,13,15,16,17,18,19,20,21,23,24,25,26,28,29,30,31
K0.000,0.9707080125808716,-0.20817099511623383,0.11996199935674667,0,0.13640600442886353,0.8885229825973511,0.43808600306510925,0,-0.19778600335121155,-0.4088900089263916,0.8908920288085938,0,0.19851699471473694,31.908977508544922,-0.38951998949050903,1,0.9606389999389648,0.23513400554656982,-0.14793600142002106,0,-0.2424210011959076,0.9696080088615417,-0.03306100144982338,0,0.13566599786281586,0.06762199848890305,0.9884439706802368,0,0,3.5169999599456787,-0.7038999795913696,1,0.9990040063858032,0.030926000326871872,-0.03216199949383736,0,-0.030820000916719437,0.9995179772377014,0.0037879999727010727,0,0.032262999564409256,-0.00279300007969141,0.9994760155677795,0,0,4.184500217437744,0,1,0.9990280270576477,0.030906999483704567,-0.03143500164151192,0,-0.0307839997112751,0.9995160102844238,0.004381000064313412,0,0.03155599907040596,-0.003409000113606453,0.9994959831237793,0,0,4.782299995422363,0,1,0.9999579787254333,0.0014929999597370625,0.009077999740839005,0,-0.002004999900236726,0.9983879923820496,0.05671299993991852,0,-0.00897900015115738,-0.05672900006175041,0.9983490109443665,0,0,5.380099773406982,0,1,0.9894909858703613,-0.13835400342941284,0.04201100021600723,0,0.14321200549602509,0.8977239727973938,-0.4166319966316223,0,0.01992800086736679,0.4182699918746948,0.9081040024757385,0,0,5.572400093078613,-2.6386001110076904,1,0.011095000430941582,-0.008603000082075596,-0.9999009966850281,0,0.8259320259094238,-0.5635960102081299,0.014014000073075294,0,-0.5636609792709351,-0.8260059952735901,0.0008520000264979899,0,1.8526999950408936,4.71999979019165,-0.13030000030994415,1,0.7104020118713379,0.24692800641059875,-0.6590560078620911,0,0.2828879952430725,0.7572720050811768,0.5886539816856384,0,0.6444399952888489,-0.6046209931373596,0.4681150019168854,0,0,3.9923999309539795,0,1,0.8385829925537109,0.3610529899597168,-0.40794599056243896,0,-0.43788498640060425,0.8922190070152283,-0.11046800017356873,0,0.32409200072288513,0.2712700068950653,0.9062989950180054,0,0,12.99839973449707,0,1,0.8248689770698547,-0.5390920042991638,0.17020699381828308,0,0.37921300530433655,0.7509340047836304,0.5406439900398254,0,-0.41927099227905273,-0.381415992975235,0.8238530158996582,0,0,18.090099334716797,0,1,0.986270010471344,-0.1645900011062622,0.01348899956792593,0,0.14362600445747375,0.8952249884605408,0.42183399200439453,0,-0.08150500059127808,-0.41410401463508606,0.9065729975700378,0,0,0.8658999800682068,0,1,0.7250030040740967,-0.5856729745864868,-0.3624339997768402,0,0.5916699767112732,0.2602429986000061,0.7630209922790527,0,-0.35255900025367737,-0.7676330208778381,0.5352020263671875,0,0,0.6370000243186951,0,1,0.9974160194396973,0.025652000680565834,-0.0671050027012825,0,0.025855999439954758,0.7433000206947327,0.6684579849243164,0,0.06702599674463272,-0.6684659719467163,0.7407159805297852,0,-0.3441999852657318,0.8863999843597412,-0.43130001425743103,1,0.0879959985613823,-0.061772000044584274,0.9942039847373962,0,-0.9369549751281738,-0.34398600459098816,0.06155699864029884,0,0.3381890058517456,-0.9369410276412964,-0.08814699947834015,0,-1.8526999950408936,4.720699787139893,-0.13379999995231628,1,0.7935389876365662,-0.6050840020179749,0.06457299739122391,0,0.4524010121822357,0.6575909852981567,0.6024180054664612,0,-0.40697601437568665,-0.4488289952278137,0.7955650091171265,0,0,3.9923999309539795,0,1,0.8417689800262451,-0.32730698585510254,0.42929598689079285,0,0.4054870009422302,0.9083300232887268,-0.10254800319671631,0,-0.3563779890537262,0.26039499044418335,0.8973230123519897,0,0,13.00730037689209,0,1,-0.36556899547576904,-0.20013700425624847,-0.9090129733085632,0,0.2259189933538437,0.9283270239830017,-0.2952449917793274,0,0.9029510021209717,-0.31329599022865295,-0.29415199160575867,0,0,17.855499267578125,0,1,-0.6529480218887329,-0.734345018863678,0.18546299636363983,0,-0.6743729710578918,0.6751400232315063,0.2990089952945709,0,-0.3447889983654022,0.07016599923372269,-0.936053991317749,0,0,1.3207999467849731,0,1,-0.34958699345588684,-0.9361590147018433,0.03736099973320961,0,0.9193189740180969,-0.33506301045417786,0.20635999739170074,0,-0.1806669980287552,0.10648699849843979,0.9777629971504211,0,0,0.8072999715805054,0,1,0.976078987121582,-0.18684400618076324,0.11117599904537201,0,0.20451399683952332,0.9625740051269531,-0.17783400416374207,0,-0.07378800213336945,0.19631700217723846,0.9777600169181824,0,-0.5281999707221985,0.9217000007629395,-0.2653999924659729,1,-0.9301120042800903,-0.24285300076007843,0.2755250036716461,0,0.36263400316238403,-0.4883449971675873,0.7937350273132324,0,-0.05821000039577484,0.8381770253181458,0.5422829985618591,0,3.7414000034332275,-1.9503999948501587,0.8169999718666077,1,0.9848769903182983,-0.012492000125348568,0.1728059947490692,0,0.14066199958324432,-0.5246649980545044,-0.8396080136299133,0,0.10115399956703186,0.8512169718742371,-0.514972984790802,0,0,18.044599533081055,0,1,0.885125994682312,0.14406800270080566,0.44248801469802856,0,-0.4652940034866333,0.28876999020576477,0.8367279767990112,0,-0.00723200011998415,-0.9464970231056213,0.3226320147514343,0,0,14.669099807739258,0,1,0.9978860020637512,-0.06038700044155121,0.02403699979186058,0,0.053644999861717224,0.974032998085022,0.21995699405670166,0,-0.036694999784231186,-0.21820299327373505,0.9752129912376404,0,0,10.324399948120117,0,1,-0.9928039908409119,-0.08189699798822403,-0.08736900240182877,0,0.01685599982738495,-0.8178880214691162,0.5751299858093262,0,-0.11855900287628174,0.5695189833641052,0.8133829832077026,0,-3.7414000034332275,-1.9503999948501587,0.19480000436306,1,0.95176100730896,0.12425299733877182,-0.28055599331855774,0,-0.3051219880580902,0.28667500615119934,-0.9081400036811829,0,-0.03241100162267685,0.9499359726905823,0.31075799465179443,0,0,17.99180030822754,0,1,0.8922010064125061,0.36648398637771606,-0.263945996761322,0,0.3960599899291992,-0.35401201248168945,0.8472380042076111,0,0.21705900132656097,-0.8604450225830078,-0.4609990119934082,0,0,13.706600189208984,0,1,0.991566002368927,0.1245570033788681,-0.03579900041222572,0,-0.1105090007185936,0.956911027431488,0.26853200793266296,0,0.06770399957895279,-0.26231199502944946,0.9626049995422363,0,0,9.723199844360352,0,1
K0.033,0.9746940732002258,-0.16164739429950714,0.1544100046157837,0,0.08181647211313248,0.9007671475410461,0.42652684450149536,0,-0.2080337256193161,-0.40309998393058777,0.8911970853805542,0,0.014003447256982327,32.77139663696289,2.1811909675598145,1,0.9616379737854004,0.15983840823173523,-0.22294339537620544,0,-0.16894939541816711,0.9853730797767639,-0.022285914048552513,0,0.21612045168876648,0.05909782648086548,0.9745768904685974,0,0,3.5169999599456787,-0.7038999795913696,1,0.9974460005760193,0.018898870795965195,-0.06887524574995041,0,-0.018828872591257095,0.9998210072517395,0.001660978072322905,0,0.06889424473047256,-0.0003599854535423219,0.9976239800453186,0,0,4.184500217437744,0,1,0.9974619746208191,0.01671386882662773,-0.0692172423005104,0,-0.016582870855927467,0.9998589754104614,0.002467978047206998,0,0.0692482441663742,-0.0013139862567186356,0.9975990056991577,0,0,4.782299995422363,0,1,0.9995319843292236,-0.00927315279841423,0.029140187427401543,0,0.007549138739705086,0.9982460141181946,0.058723051100969315,0,-0.02963319793343544,-0.0584760457277298,0.9978489875793457,0,0,5.380099773406982,0,1,0.9898138642311096,-0.05008919909596443,0.13326168060302734,0,0.09972653537988663,0.9119720458984375,-0.3979469835758209,0,-0.10159794986248016,0.407182902097702,0.9076778888702393,0,0,5.572400093078613,-2.6386001110076904,1,0.036710869520902634,-0.011551991105079651,-0.9992589950561523,0,0.8492003083229065,-0.5267534852027893,0.03728688508272171,0,-0.5267934799194336,-0.8499392867088318,-0.009527923539280891,0,1.8526999950408936,4.71999979019165,-0.13030000030994415,1,0.5774014592170715,0.20286066830158234,-0.7908570170402527,0,0.38139858841896057,0.7894412875175476,0.4809548258781433,0,0.7219017148017883,-0.5793356895446777,0.37845391035079956,0,0,3.9923999309539795,0,1,0.8688591122627258,0.29127076268196106,-0.4003079831600189,0,-0.35325270891189575,0.9312731027603149,-0.08911692351102829,0,0.3468390703201294,0.21883980929851532,0.9120370149612427,0,0,12.99839973449707,0,1,0.8348642587661743,-0.5161443948745728,0.19130255281925201,0,0.35360631346702576,0.7692204117774963,0.5322237610816956,0,-0.4218581020832062,-0.3766878843307495,0.8247069716453552,0,0,18.090099334716797,0,1,0.9804558157920837,-0.1967107653617859,0.003302685683593154,0,0.17341069877147675,0.8720073103904724,0.45774686336517334,0,-0.09292332828044891,-0.44822779297828674,0.8890765309333801,0,0,0.8658999800682068,0,1,0.7133046984672546,-0.590143084526062,-0.37805837392807007,0,0.5965281128883362,0.22805717587471008,0.7695091366767883,0,-0.36790138483047485,-0.7744161486625671,0.5147114396095276,0,0,0.6370000243186951,0,1,0.9974780082702637,0.023158937692642212,-0.0670899972319603,0,0.027942052111029625,0.7407949566841125,0.6711490750312805,0,0.0652429535984993,-0.6713310480117798,0.7382799386978149,0,-0.3441999852657318,0.8863999843597412,-0.43130001425743103,1,0.11653309315443039,-0.06256093084812164,0.9912139773368835,0,-0.956210196018219,-0.2768522799015045,0.09494417160749435,0,0.2684802711009979,-0.9588741660118103,-0.0920838788151741,0,-1.8526999950408936,4.720699787139893,-0.13379999995231628,1,0.8585803508758545,-0.5091321468353271,-0.06019788607954979,0,0.4236828684806824,0.6385169625282288,0.642487108707428,0,-0.28867295384407043,-0.5771316289901733,0.7639287710189819,0,0,3.9923999309539795,0,1,0.7976391911506653,-0.4120311737060547,0.44045621156692505,0,0.5104484558105469,0.8501628637313843,-0.12909236550331116,0,-0.32126930356025696,0.327799916267395,0.8884438276290894,0,0,13.00730037689209,0,1,-0.3364023268222809,-0.18721705675125122,-0.9229212403297424,0,0.24745741486549377,0.9280248880386353,-0.2784499228000641,0,0.9086241126060486,-0.32205525040626526,-0.2658612132072449,0,0,17.855499267578125,0,1,-0.6934298872947693,-0.6925528049468994,0.19881029427051544,0,-0.6364019513130188,0.7180759310722351,0.2817075252532959,0,-0.33785882592201233,0.06882093846797943,-0.9386770725250244,0,0,1.3207999467849731,0,1,-0.32542815804481506,-0.9449049234390259,0.035369012504816055,0,0.9276269674301147,-0.3117791414260864,0.20567500591278076,0,-0.18331599235534668,0.09974103420972824,0.9779809713363647,0,0,0.8072999715805054,0,1,0.9822620153427124,-0.15708188712596893,0.10239996016025543,0,0.1735488623380661,0.9683730006217957,-0.17925900220870972,0,-0.07100298255681992,0.19385097920894623,0.9784579873085022,0,-0.5281999707221985,0.9217000007629395,-0.2653999924659729,1,-0.9362280964851379,-0.15088193118572235,0.31735002994537354,0,0.35124167799949646,-0.3754104971885681,0.8577273488044739,0,-0.010278248228132725,0.9144952893257141,0.4044661521911621,0,3.7414000034332275,-1.9503999948501587,0.8169999718666077,1,0.9846540093421936,-0.030740290880203247,0.17179101705551147,0,0.128883957862854,-0.5356214642524719,-0.834565281867981,0,0.11767017841339111,0.8438982963562012,-0.5234394669532776,0,0,18.044599533081055,0,1,0.9041590690612793,0.055751338601112366,0.42354288697242737,0,-0.41433772444725037,0.35586172342300415,0.8376672267913818,0,-0.10402240604162216,-0.9328741431236267,0.34485548734664917,0,0,14.669099807739258,0,1,0.997186005115509,-0.06581101566553116,0.035902027040719986,0,0.054778002202510834,0.9665949940681458,0.2503870725631714,0,-0.05118103325366974,-0.2477150708436966,0.9674800038337708,0,0,10.324399948120117,0,1,-0.9914999008178711,0.003108038567006588,-0.13006828725337982,0,-0.060369864106178284,-0.8965675234794617,0.4387732744216919,0,-0.11525207757949829,0.44289642572402954,0.8891345858573914,0,-3.7414000034332275,-1.9503999948501587,0.19480000436306,1,0.9384167790412903,0.2536621391773224,-0.23458229005336761,0,-0.32625535130500793,0.4271184802055359,-0.8432828783988953,0,-0.11371462047100067,0.867884635925293,0.4835737943649292,0,0,17.99180030822754,0,1,0.8983929753303528,0.3148784041404724,-0.30617257952690125,0,0.4058101773262024,-0.3285522758960724,0.8528611660003662,0,0.16795359551906586,-0.8904524445533752,-0.4229501485824585,0,0,13.706600189208984,0,1,0.9903199672698975,0.13175329566001892,-0.0436662957072258,0,-0.11363709717988968,0.9502617120742798,0.28998082876205444,0,0.07970048487186432,-0.2822117805480957,0.9560356736183167,0,0,9.723199844360352,0,1
K0.067,0.9829299449920654,-0.10107560455799103,0.15372499823570251,0,0.029156522825360298,0.9105848670005798,0.41229215264320374,0,-0.1816522628068924,-0.4007720351219177,0.8979889154434204,0,-0.24109046161174774,33.59993362426758,5.384124279022217,1,0.9595549702644348,0.09983459860086441,-0.26322460174560547,0,-0.10721860826015472,0.9941399693489075,-0.013801084831357002,0,0.2603045403957367,0.04146517440676689,0.9646361470222473,0,0,3.5169999599456787,-0.7038999795913696,1,0.9955739974975586,0.006029128096997738,-0.09378475695848465,0,-0.006105126813054085,0.9999809861183167,-0.0005219783051870763,0,0.09377975761890411,0.0010929856216534972,0.9955919981002808,0,0,4.184500217437744,0,1,0.9955580234527588,0.003670129692181945,-0.09407675266265869,0,-0.0036591284442692995,0.9999930262565613,0.00028902164194732904,0,0.09407775104045868,0.00005598638381343335,0.9955649971961975,0,0,4.782299995422363,0,1,0.9985520243644714,-0.02452784962952137,0.0478828139603138,0,0.02143886126577854,0.9977189898490906,0.06400194764137268,0,-0.04934380203485489,-0.0628819540143013,0.9968000054359436,0,0,5.380099773406982,0,1,0.9791001081466675,0.030006203800439835,0.20115332305431366,0,0.053273461759090424,0.9166839122772217,-0.3960460424423218,0,-0.19627806544303894,0.39848509430885315,0.8959271311759949,0,0,5.572400093078613,-2.6386001110076904,1,0.023732127621769905,-0.010602009482681751,-0.9996619820594788,0,0.8797206878662109,-0.4747835099697113,0.025920113548636436,0,-0.4748985171318054,-0.8800386786460876,-0.0019410754321143031,0,1.8526999950408936,4.71999979019165,-0.13030000030994415,1,0.41957956552505493,0.16947433352470398,-0.8917570114135742,0,0.44194939732551575,0.8199697136878967,0.3637721538543701,0,0.7928642630577087,-0.5467432737350464,0.26914307475090027,0,0,3.9923999309539795,0,1,0.8778329491615295,0.2664022445678711,-0.39804401993751526,0,-0.3230932950973511,0.9428508877754211,-0.0815090760588646,0,0.3535819351673126,0.20015618205070496,0.9137380123138428,0,0,12.99839973449707,0,1,0.8557918071746826,-0.4551025927066803,0.24597246944904327,0,0.2860826849937439,0.8124935626983643,0.5079472661018372,0,-0.4310199022293091,-0.36432912945747375,0.8255220055580139,0,0,18.090099334716797,0,1,0.9615761637687683,-0.2730942666530609,-0.028116686269640923,0,0.24405230581760406,0.8034006357192993,0.5431251525878906,0,-0.12573567032814026,-0.5291182398796082,0.8391804695129395,0,0,0.8658999800682068,0,1,0.6837273240089417,-0.5984639525413513,-0.4175616204738617,0,0.6058498620986938,0.14657481014728546,0.7819598913192749,0,-0.40677061676979065,-0.7876268625259399,0.46279749274253845,0,0,0.6370000243186951,0,1,0.9976029992103577,0.016925061121582985,-0.06709299981594086,0,0.033125948160886765,0.734467089176178,0.6778359413146973,0,0.060750044882297516,-0.6784339547157288,0.7321450710296631,0,-0.3441999852657318,0.8863999843597412,-0.43130001425743103,1,0.1261219084262848,-0.05597006529569626,0.9904339909553528,0,-0.9722718000411987,-0.20517271757125854,0.1122148260474205,0,0.1969297081232071,-0.9771237969398499,-0.08029511570930481,0,-1.8526999950408936,4.720699787139893,-0.13379999995231628,1,0.8921966552734375,-0.42646682262420654,-0.1486971229314804,0,0.41245511174201965,0.6352040767669678,0.6529898643493652,0,-0.18402604758739471,-0.6439263224601746,0.7426262497901917,0,0,3.9923999309539795,0,1,0.711344838142395,-0.5294197797775269,0.4622807800769806,0,0.655875563621521,0.736419141292572,-0.16587062180042267,0,-0.25261667370796204,0.421190083026886,0.8710821866989136,0,0,13.00730037689209,0,1,-0.26707369089126587,-0.19306494295597076,-0.944138765335083,0,0.2895725965499878,0.9183711409568787,-0.2697090804576874,0,0.9191398620605469,-0.3454287648200989,-0.18936675786972046,0,0,17.855499267578125,0,1,-0.7853111028671265,-0.5755161643028259,0.22818370163440704,0,-0.529434084892273,0.8153430223464966,0.23434147238731384,0,-0.32091519236564636,0.06322304904460907,-0.9449959397315979,0,0,1.3207999467849731,0,1,-0.3396628499031067,-0.9398370385169983,0.03654198721051216,0,0.9228140711784363,-0.3254988491535187,0.20607200264930725,0,-0.18177901208400726,0.10371696203947067,0.9778540134429932,0,0,0.8072999715805054,0,1,0.9845049977302551,-0.14487412571907043,0.09880303591489792,0,0.16084912419319153,0.9704710245132446,-0.17976100742816925,0,-0.06984301656484604,0.19286800920963287,0.9787359833717346,0,-0.5281999707221985,0.9217000007629395,-0.2653999924659729,1,-0.9460468888282776,-0.0442480593919754,0.32099395990371704,0,0.3174763321876526,-0.3247925043106079,0.8909086585044861,0,0.06483525782823563,0.9447497129440308,0.32131683826446533,0,3.7414000034332275,-1.9503999948501587,0.8169999718666077,1,0.982958972454071,-0.05975671485066414,0.1738399863243103,0,0.12393705546855927,-0.4829835295677185,-0.8668146729469299,0,0.13575981557369232,0.8735886812210083,-0.46734657883644104,0,0,18.044599533081055,0,1,0.9108439683914185,-0.010349343530833721,0.4126211106777191,0,-0.3866332769393921,0.3285692632198334,0.8617177605628967,0,-0.14449259638786316,-0.9444229006767273,0.2952735126018524,0,0,14.669099807739258,0,1,0.9969980120658875,-0.06710998713970184,0.03860597312450409,0,0.05497399717569351,0.9647520184516907,0.2573559284210205,0,-0.05451696738600731,-0.2544609308242798,0.9655449986457825,0,0,10.324399948120117,0,1,-0.9815360903739929,0.10691597312688828,-0.15860772132873535,0,-0.14680513739585876,-0.9526364803314209,0.26632973551750183,0,-0.12262092530727386,0.2846965789794922,0.9507424235343933,0,-3.7414000034332275,-1.9503999948501587,0.19480000436306,1,0.9155712127685547,0.3677498698234558,-0.16275571286678314,0,-0.3619556427001953,0.5771725177764893,-0.7320241332054138,0,-0.1752633899450302,0.7291303873062134,0.6615512371063232,0,0,17.99180030822754,0,1,0.8963220119476318,0.2544455826282501,-0.36313244700431824,0,0.4244828224182129,-0.2557147145271301,0.8685758113861084,0,0.1281474083662033,-0.9326665997505188,-0.33721086382865906,0,0,13.706600189208984,0,1,0.984108030796051,0.16179470717906952,-0.07316570729017258,0,-0.12334389984607697,0.9192723035812378,0.3737971782684326,0,0.12773752212524414,-0.3588322103023529,0.9246202707290649,0,0,9.723199844360352,0,1
K0.100,0.99167799949646,-0.03714800253510475,0.12326499819755554,0,-0.016429997980594635,0.913116991519928,0.407366007566452,0,-0.12768900394439697,-0.4060010015964508,0.9049080014228821,0,-0.6010169982910156,34.35675811767578,9.03097152709961,1,0.955161988735199,0.05550200492143631,-0.2908340096473694,0,-0.059856005012989044,0.9981880187988281,-0.0060880002565681934,0,0.28996899724006653,0.023222999647259712,0.9567540287971497,0,0,3.5169999599456787,-0.7038999795913696,1,0.9935410022735596,-0.004473999608308077,-0.11338599771261215,0,0.004273999482393265,0.9999889731407166,-0.002005999907851219,0,0.11339399963617325,0.0015079999575391412,0.9935489892959595,0,0,4.184500217437744,0,1,0.9935430288314819,-0.006286999676376581,-0.11327800154685974,0,0.0061959996819496155,0.9999799728393555,-0.0011539999395608902,0,0.11328300088644028,0.00044499998330138624,0.9935629963874817,0,0,4.782299995422363,0,1,0.9970309734344482,-0.042201001197099686,0.06440900266170502,0,0.03756599873304367,0.9967300295829773,0.0715399980545044,0,-0.06721799820661545,-0.06890799850225449,0.995356023311615,0,0,5.380099773406982,0,1,0.9562910199165344,0.0949380025267601,0.2765769958496094,0,0.024410001933574677,0.9166110157966614,-0.3990350067615509,0,-0.29139700531959534,0.38834500312805176,0.8742290139198303,0,0,5.572400093078613,-2.6386001110076904,1,-0.011659998446702957,-0.011394999921321869,-0.9998670220375061,0,0.903892993927002,-0.4277209937572479,-0.005665998440235853,0,-0.4275999963283539,-0.9038389921188354,0.015286998823285103,0,1.8526999950408936,4.71999979019165,-0.13030000030994415,1,0.25791099667549133,0.13693000376224518,-0.9564160108566284,0,0.43821200728416443,0.8656529784202576,0.24210600554943085,0,0.8610759973526001,-0.4815550148487091,0.16325700283050537,0,0,3.9923999309539795,0,1,0.87739497423172,0.26767900586128235,-0.39815399050712585,0,-0.32464098930358887,0.9422850012779236,-0.0818990021944046,0,0.35325199365615845,0.20111499726772308,0.9136549830436707,0,0,12.99839973449707,0,1,0.8729569911956787,-0.36774900555610657,0.32047998905181885,0,0.19115999341011047,0.8623489737510681,0.46884098649024963,0,-0.44878101348876953,-0.3480150103569031,0.823091983795166,0,0,18.090099334716797,0,1,0.928604006767273,-0.36219900846481323,-0.080656997859478,0,0.326229989528656,0.6932899951934814,0.6425899863243103,0,-0.17682699859142303,-0.6230250000953674,0.7619529962539673,0,0,0.8658999800682068,0,1,0.6448410153388977,-0.6031190156936646,-0.46949800848960876,0,0.6118630170822144,0.03922100365161896,0.789991021156311,0,-0.45804399251937866,-0.7966859936714172,0.39431700110435486,0,0,0.6370000243186951,0,1,0.9977020025253296,0.008821000345051289,-0.06718199700117111,0,0.039802998304367065,0.726095974445343,0.6864399909973145,0,0.05483600124716759,-0.6875360012054443,0.724075973033905,0,-0.3441999852657318,0.8863999843597412,-0.43130001425743103,1,0.11806599795818329,-0.04487600177526474,0.9919909834861755,0,-0.9821839928627014,-0.1523600071668625,0.11000599712133408,0,0.14620299637317657,-0.9873059988021851,-0.0620650015771389,0,-1.8526999950408936,4.720699787139893,-0.13379999995231628,1,0.9220989942550659,-0.3332110047340393,-0.1967339962720871,0,0.37874698638916016,0.6730340123176575,0.6352760195732117,0,-0.07927200943231583,-0.6603000164031982,0.7468069791793823,0,0,3.9923999309539795,0,1,0.5576509833335876,-0.6617209911346436,0.5011489987373352,0,0.8197780251502991,0.5338360071182251,-0.20732200145721436,0,-0.1303420066833496,0.5264449715614319,0.840158998966217,0,0,13.00730037689209,0,1,-0.18674199283123016,-0.264180988073349,-0.9462220072746277,0,0.3233279883861542,0.8929790258407593,-0.31312599778175354,0,0.9276779890060425,-0.3644140064716339,-0.0813400074839592,0,0,17.855499267578125,0,1,-0.880478024482727,-0.3988319933414459,0.256303995847702,0,-0.3667219877243042,0.9155910015106201,0.1649470031261444,0,-0.3004559874534607,0.05124000087380409,-0.9524180293083191,0,0,1.3207999467849731,0,1,-0.37417900562286377,-0.926518976688385,0.03938800096511841,0,0.9101589918136597,-0.35876700282096863,0.20711499452590942,0,-0.17776499688625336,0.11334700137376785,0.9775230288505554,0,0,0.8072999715805054,0,1,0.9820839762687683,-0.15801799297332764,0.10267599672079086,0,0.17452199757099152,0.968205988407135,-0.17921799421310425,0,-0.07109200209379196,0.19392700493335724,0.9784370064735413,0,-0.5281999707221985,0.9217000007629395,-0.2653999924659729,1,-0.9546939730644226,0.05663299560546875,0.29214999079704285,0,0.2635270059108734,-0.29517799615859985,0.9183809757232666,0,0.13824699819087982,0.9537619948387146,0.26688098907470703,0,3.7414000034332275,-1.9503999948501587,0.8169999718666077,1,0.9792389869689941,-0.10686399787664413,0.17225000262260437,0,0.12036699801683426,-0.3771759867668152,-0.9182860255241394,0,0.16310100257396698,0.9199560284614563,-0.35648301243782043,0,0,18.044599533081055,0,1,0.9125900268554688,-0.03767700120806694,0.407137006521225,0,-0.3788059949874878,0.2968960106372833,0.8765609860420227,0,-0.15390299260616302,-0.9541659951210022,0.2566719949245453,0,0,14.669099807739258,0,1,0.9975129961967468,-0.0634080022573471,0.030764000490307808,0,0.05434099957346916,0.9699450135231018,0.23717999458312988,0,-0.044879000633955,-0.2349189966917038,0.9709780216217041,0,0,10.324399948120117,0,1,-0.9608799815177917,0.20834000408649445,-0.18249399960041046,0,-0.2207150012254715,-0.9740489721298218,0.05012401193380356,0,-0.1673160046339035,0.08844301104545593,0.9819279909133911,0,-3.7414000034332275,-1.9503999948501587,0.19480000436306,1,0.8865050077438354,0.4549979865550995,-0.08416999876499176,0,-0.4274809956550598,0.7357069849967957,-0.5253520011901855,0,-0.1771100014448166,0.501708984375,0.8467109799385071,0,0,17.99180030822754,0,1,0.8878669738769531,0.1719529926776886,-0.4267610013484955,0,0.4465689957141876,-0.09877100586891174,0.8892809748649597,0,0.11076299846172333,-0.9801409840583801,-0.16448500752449036,0,0,13.706600189208984,0,1,0.9652429819107056,0.22992999851703644,-0.12424799799919128,0,-0.12949499487876892,0.8337010145187378,0.5368189811706543,0,0.22701700031757355,-0.5020710229873657,0.8344990015029907,0,0,9.723199844360352,0,1
K0.133,0.995714008808136,0.01362924836575985,0.09147374331951141,0,-0.05041712522506714,0.9091779589653015,0.4133451282978058,0,-0.07753165811300278,-0.4161851108074188,0.9059679508209229,0,-0.9510777592658997,35.012943267822266,12.069656372070312,1,0.9502840042114258,0.017678886651992798,-0.3108840584754944,0,-0.01809285208582878,0.9998350143432617,0.00155208061914891,0,0.3108600676059723,0.004149877931922674,0.9504470229148865,0,0,3.5169999599456787,-0.7038999795913696,1,0.9916620254516602,-0.011916004121303558,-0.12831708788871765,0,0.011799007654190063,0.9999290108680725,-0.001672967686317861,0,0.1283280849456787,0.00014496577205136418,0.9917320013046265,0,0,4.184500217437744,0,1,0.9917100071907043,-0.01349399983882904,-0.12778909504413605,0,0.013504005037248135,0.999908983707428,-0.0007939651841297746,0,0.12778909504413605,-0.0009380363626405597,0.9918010234832764,0,0,4.782299995422363,0,1,0.995481014251709,-0.05906713008880615,0.07435299456119537,0,0.053064122796058655,0.9953590035438538,0.0802730917930603,0,-0.07874900847673416,-0.07596508413553238,0.9939960241317749,0,0,5.380099773406982,0,1,0.9273287653923035,0.14886322617530823,0.3433684706687927,0,0.0008939799736253917,0.9166030287742615,-0.3997969627380371,0,-0.37424755096435547,0.3710498809814453,0.8498598337173462,0,0,5.572400093078613,-2.6386001110076904,1,-0.04732057824730873,-0.013755015097558498,-0.9987849593162537,0,0.9265141487121582,-0.3742586672306061,-0.0387425497174263,0,-0.373271644115448,-0.9272221326828003,0.030454197898507118,0,1.8526999950408936,4.71999979019165,-0.13030000030994415,1,0.14828936755657196,0.10651275515556335,-0.9831911325454712,0,0.3940233886241913,0.9055002927780151,0.15752549469470978,0,0.9070593118667603,-0.4107592701911926,0.09230761229991913,0,0,3.9923999309539795,0,1,0.872317910194397,0.2819812297821045,-0.39943504333496094,0,-0.3419873118400574,0.9357358813285828,-0.08627507090568542,0,0.349437952041626,0.21186119318008423,0.9126930236816406,0,0,12.99839973449707,0,1,0.8757598996162415,-0.2691470682621002,0.40075474977493286,0,0.0866890624165535,0.9043403267860413,0.4179154336452484,0,-0.4748993217945099,-0.3312528431415558,0.8153168559074402,0,0,18.090099334716797,0,1,0.8875906467437744,-0.4373524785041809,-0.14458855986595154,0,0.3954504430294037,0.5625078678131104,0.7260875105857849,0,-0.23622450232505798,-0.7016464471817017,0.672228217124939,0,0,0.8658999800682068,0,1,0.6058797240257263,-0.6007599234580994,-0.5215344429016113,0,0.6109129190444946,-0.06858782470226288,0.788720965385437,0,-0.5096034407615662,-0.7964819669723511,0.3254554569721222,0,0,0.6370000243186951,0,1,0.9977279901504517,0.0007179372478276491,-0.06736700236797333,0,0.04640605300664902,0.7175649404525757,0.6949430704116821,0,0.04883895069360733,-0.6964910626411438,0.7159019112586975,0,-0.3441999852657318,0.8863999843597412,-0.43130001425743103,1,0.10442992299795151,-0.0417339988052845,0.9936559796333313,0,-0.9880490303039551,-0.11824564635753632,0.09887394309043884,0,0.1133696585893631,-0.9921070337295532,-0.05358395725488663,0,-1.8526999950408936,4.720699787139893,-0.13379999995231628,1,0.9417680501937866,-0.23960737884044647,-0.2359253168106079,0,0.3352856934070587,0.7225583791732788,0.6045597791671753,0,0.02561275102198124,-0.6484578251838684,0.760819137096405,0,0,3.9923999309539795,0,1,0.34063971042633057,-0.7581512331962585,0.5560315847396851,0,0.9392412900924683,0.247794970870018,-0.2375340759754181,0,0.04230482503771782,0.6031611561775208,0.7964965105056763,0,0,13.00730037689209,0,1,-0.0984850823879242,-0.3662131726741791,-0.9253045320510864,0,0.35475829243659973,0.8558135032653809,-0.3764697015285492,0,0.9297559261322021,-0.36533674597740173,0.045632343739271164,0,0,17.855499267578125,0,1,-0.9424701929092407,-0.19575917720794678,0.2709769904613495,0,-0.1784593015909195,0.9800641536712646,0.08732831478118896,0,-0.28266987204551697,0.03394582122564316,-0.9586160778999329,0,0,1.3207999467849731,0,1,-0.41671139001846313,-0.9080258011817932,0.04289403185248375,0,0.892572820186615,-0.3997673988342285,0.20856501162052155,0,-0.1722349375486374,0.12519709765911102,0.9770669937133789,0,0,0.8072999715805054,0,1,0.9757789373397827,-0.1881723403930664,0.11156809329986572,0,0.20589634776115417,0.9622929692268372,-0.17776398360729218,0,-0.07391102612018585,0.1964300274848938,0.977728009223938,0,-0.5281999707221985,0.9217000007629395,-0.2653999924659729,1,-0.9585870504379272,0.13693936169147491,0.2497156411409378,0,0.21209464967250824,-0.24191667139530182,0.9468331933021545,0,0.19006821513175964,0.9605849981307983,0.20285366475582123,0,3.7414000034332275,-1.9503999948501587,0.8169999718666077,1,0.9752479791641235,-0.14868196845054626,0.16366301476955414,0,0.12846733629703522,-0.22142410278320312,-0.9666782021522522,0,0.17996668815612793,0.9637762308120728,-0.19684310257434845,0,0,18.044599533081055,0,1,0.9120429754257202,-0.03179532662034035,0.40885990858078003,0,-0.3851708173751831,0.27585694193840027,0.88065105676651,0,-0.1407872438430786,-0.9606729745864868,0.23934683203697205,0,0,14.669099807739258,0,1,0.9978160262107849,-0.060981981456279755,0.025385960936546326,0,0.05379599705338478,0.9732400178909302,0.22340689599514008,0,-0.03833094984292984,-0.22155289351940155,0.9743949770927429,0,0,10.324399948120117,0,1,-0.9393209218978882,0.28343138098716736,-0.19324074685573578,0,-0.28079530596733093,-0.9588708877563477,-0.04148939251899719,0,-0.19705288112163544,0.015288620255887508,0.9802740216255188,0,-3.7414000034332275,-1.9503999948501587,0.19480000436306,1,0.8696331977844238,0.4823673963546753,-0.10516387224197388,0,-0.47329792380332947,0.753966212272644,-0.4555477201938629,0,-0.14045090973377228,0.4459332525730133,0.883978009223938,0,0,17.99180030822754,0,1,0.8728508353233337,0.11982998996973038,-0.473045289516449,0,0.4587653577327728,0.1289065182209015,0.8791570663452148,0,0.16632768511772156,-0.9843898415565491,0.057542070746421814,0,0,13.706600189208984,0,1,0.9576315879821777,0.25303107500076294,-0.13754035532474518,0,-0.1275417059659958,0.8007972240447998,0.585197925567627,0,0.2582142949104309,-0.5428615212440491,0.7991410493850708,0,0,9.723199844360352,0,1
